B0531+21   17-Apr-15   63000.00   57129.27083333330            56.778514  0.837 -7.669
    185682862.707116   29.668855443614   jb  300   12   327.000                
  1.36319379850115263e-08 -2.87770010671979548e-01  2.60538523679382307e-06
 -2.90284069612505970e-09 -4.31400495639480248e-12  2.83027490421540727e-15
  2.80883378535273110e-18 -4.90191455396831562e-21 -3.38295487247918465e-24
  1.17691177420049463e-25  3.75426183556219067e-29 -1.37799606506454824e-30
B0531+21   17-Apr-15  113000.00   57129.47916666660            56.778524  0.832 -7.985
    186216815.903623   29.668855443614   jb  300   12   327.000                
  3.85372263647890015e-09 -2.87311421104247011e-01 -1.33142712060198313e-06
 -4.55093584000915945e-09  1.97131120308446391e-12  4.32993148229411348e-15
 -1.17882313857147376e-18  2.36543391906454900e-22 -2.00807604080081735e-24
 -7.57370179447121778e-26  2.06760109064053710e-29  1.01004103401983312e-30
B0531+21   17-Apr-15  163000.00   57129.68749999990            56.778534  0.839 -7.989
    186750768.890642   29.668855443614   jb  300   12   327.000                
 -4.64887016405287376e-09 -2.88976957393167311e-01 -3.42703952655153363e-06
  5.84105064587071439e-10  5.32155430756200088e-12 -5.79915375547374715e-16
 -3.48679408284165832e-18  1.55523425631942806e-21  4.49478064581789662e-24
 -2.61603267811254115e-26 -4.03877658941947195e-29  1.25041868462745529e-31
B0531+21   17-Apr-15  213000.00   57129.89583333330            56.778544  0.845 -7.666
    187284721.342446   29.668855443614   jb  300   12   327.000                
  1.64690445425374282e-08 -2.90369643469998384e-01 -5.55412526039769599e-07
  4.85472539703283741e-09  7.44989533947282569e-13 -4.59483019714831725e-15
 -4.78005205200736254e-19 -1.64529070998772333e-21  8.89533399513463667e-25
  1.20657600562746395e-25 -1.98891507474700513e-29 -1.37435780130110925e-30
B0531+21   18-Apr-15   23000.00   57130.10416666660            56.778553  0.838 -7.986
    187818673.705417   29.668855443614   jb  300   12   327.000                
  2.10731056462368552e-09 -2.89495816882283763e-01  3.01183851530853320e-06
  1.90124223605954854e-09 -4.94212614595313908e-12 -1.83093114669660842e-15
  3.36723123768074659e-18  1.86663875665568013e-21 -1.02242663048332055e-23
 -3.49429978770205451e-26  1.35258342480526435e-28  4.69489401640326890e-31
B0531+21   18-Apr-15   63000.00   57130.27083333330            56.778561  0.827 -7.671
    188245835.927449   29.668855443614   jb  300   12   327.000                
  1.55748188546403954e-08 -2.88009159081132116e-01  2.58699085015703654e-06
 -2.97031116775496719e-09 -4.25805688649434705e-12  2.89231117391877032e-15
  2.69242002374142826e-18 -4.91819801178361002e-21  9.54071402454084665e-25
  1.23523893792003370e-25 -4.20089686618064732e-29 -1.53294176034348992e-30
B0531+21   18-Apr-15  113000.00   57130.47916666660            56.778571  0.823 -7.993
    188779789.049307   29.668855443614   jb  300   12   327.000                
  2.52908574481801362e-09 -2.87571881050291134e-01 -1.36876363623743979e-06
 -4.51931358493679753e-09  2.05646576464047039e-12  4.29895001498251112e-15
 -1.19137183201159305e-18  1.06612628699030738e-22 -4.45120519699391556e-24
 -6.56266985411233006e-26  6.77892034654858927e-29  8.18660485030113499e-31
B0531+21   18-Apr-15  163000.00   57130.68749999990            56.778581  0.830 -7.984
    189313741.956264   29.668855443614   jb  300   12   327.000                
 -3.36643216931938201e-09 -2.89243987187884688e-01 -3.40358619464322031e-06
  6.67586440843976132e-10  5.30998790840198940e-12 -6.55005171548952102e-16
 -3.49140151272731217e-18  8.93080741462850021e-22  5.05400048455052563e-24
  1.06391255965546172e-26 -5.10493738906206605e-29 -5.25710548117303117e-31
B0531+21   18-Apr-15  213000.00   57130.89583333330            56.778591  0.835 -7.667
    189847694.332047   29.668855443614   jb  300   12   327.000                
  1.60973884441675535e-08 -2.90604278526865101e-01 -4.82098532491550561e-07
  4.86561347070987654e-09  6.52840405537994600e-13 -4.60490763266408400e-15
 -3.25487989938478982e-19 -1.93475342579041102e-21 -3.91696015949768237e-24
  1.45397293736033577e-25  6.46770244458566310e-29 -1.93294971765296927e-30
B0531+21   19-Apr-15   23000.00   57131.10416666660            56.778601  0.828 -7.982
    190381646.630796   29.668855443614   jb  300   12   327.000                
  2.49536435891506447e-09 -2.89692982143694433e-01  3.04967476939236901e-06
  1.82315946928082876e-09 -4.97607910463554784e-12 -1.75655078084917600e-15
  3.28747129979497477e-18  1.73554455793796273e-21 -5.77375561448847272e-24
 -2.66505868895473077e-26  6.50774735034198805e-29  2.84953721933965154e-31
B0531+21   19-Apr-15   63000.00   57131.27083333330            56.778609  0.818 -7.670
    190808808.806555   29.668855443614   jb  300   12   327.000                
  1.59663569384064873e-08 -2.88202292066232824e-01  2.56735458829617459e-06
 -3.03700804541757599e-09 -4.20237614131536200e-12  2.96783868392320838e-15
  2.73888066289098198e-18 -5.95042589312112725e-21 -2.59958957083548843e-24
  1.56269131465863024e-25  1.61470258694205795e-29 -1.87395292333504185e-30
B0531+21   19-Apr-15  113000.00   57131.47916666660            56.778618  0.813 -7.986
    191342761.867488   29.668855443614   jb  300   12   327.000                
 -6.15344992926973805e-10 -2.87786753076660407e-01 -1.40620952833569845e-06
 -4.48649866373583095e-09  2.14192376914335566e-12  4.28486359775428430e-15
 -1.30224617737648693e-18 -1.38152777036654906e-21 -2.16506309436989565e-24
 -7.23054891672024024e-27  3.39332037605416394e-29 -2.35696596692886570e-32
B0531+21   19-Apr-15  163000.00   57131.68749999990            56.778628  0.820 -7.991
    191876714.708077   29.668855443614   jb  300   12   327.000                
 -6.01793264593447402e-09 -2.89465248941264242e-01 -3.37965883872878841e-06
  7.50862727159369434e-10  5.29596662771017182e-12 -7.41295683382622471e-16
 -3.40546982019289018e-18  1.86797459322235655e-21  1.52539682864971014e-24
 -3.99395802380053154e-26  7.09390420466732430e-30  3.85952064023872285e-31
B0531+21   19-Apr-15  213000.00   57131.89583333330            56.778638  0.826 -7.665
    192410667.021595   29.668855443614   jb  300   12   327.000                
  1.71305484909293621e-08 -2.90793072521425222e-01 -4.09202361282306949e-07
  4.87516362150230758e-09  5.61077699319597754e-13 -4.63827165859977350e-15
 -2.65839852517707492e-19  2.62886358377832324e-22 -3.47180439984924547e-24
  5.39539020816023009e-26  5.17820184299330298e-29 -5.20785443340334279e-31
B0531+21   20-Apr-15   23000.00   57132.10416666660            56.778648  0.818 -7.980
    192944619.269799   29.668855443614   jb  300   12   327.000                
  1.02559841555729839e-09 -2.89844917865430651e-01  3.08603702118786228e-06
  1.74461145958881444e-09 -5.01021903338323264e-12 -1.70165133689079951e-15
  3.35710890327808553e-18  3.31852306100685125e-21 -7.60262121744455661e-24
 -8.54333442840614393e-26  9.24441114852628215e-29  1.09533083164679914e-30
B0531+21   20-Apr-15   63000.00   57132.27083333330            56.778656  0.808 -7.668
    193371781.410051   29.668855443614   jb  300   12   327.000                
  1.69409417786553295e-08 -2.88350918356864272e-01  2.54636087235263573e-06
 -3.10267871885586732e-09 -4.14479826167116268e-12  3.01068030090755744e-15
  2.74265301299621868e-18 -4.32903260718639212e-21 -4.75979615294444804e-24
  9.68088925609654183e-26  5.37639600734876684e-29 -1.09956729643348364e-30
B0531+21   20-Apr-15  113000.00   57132.47916666660            56.778666  0.803 -7.986
    193905734.423319   29.668855443614   jb  300   12   327.000                
 -4.50934082636038694e-10 -2.87957601884718195e-01 -1.44384299878490876e-06
 -4.45223450802581691e-09  2.22584573313854746e-12  4.24224863694580678e-15
 -1.33119865455445502e-18 -5.39104668629644637e-22 -3.19162733324773139e-24
 -3.89017564666124853e-26  4.97315929059720088e-29  4.28457531647155080e-31
B0531+21   20-Apr-15  163000.00   57132.68749999990            56.778676  0.811 -7.972
    194439687.210757   29.668855443614   jb  300   12   327.000                
 -7.95437201500502232e-09 -2.89642358869982353e-01 -3.35535848359591854e-06
  8.33921637355977573e-10  5.28273907330498054e-12 -8.25189597017185845e-16
 -3.57978825208729049e-18  2.08571229503266015e-21  1.01282162735497013e-23
 -3.87113817480623128e-26 -1.34744104727614545e-28  2.50739042827651789e-31
B0531+21   20-Apr-15  213000.00   57132.89583333330            56.778686  0.816 -7.666
    194973639.475273   29.668855443614   jb  300   12   327.000                
  1.43985925682432736e-08 -2.90937695478628466e-01 -3.36814510125162999e-07
  4.88301197590091289e-09  4.69451910275672435e-13 -4.62173645204201209e-15
 -2.18618487505274837e-19 -1.68399133823753950e-21 -3.10379733098532361e-24
  1.23864916692027246e-25  4.70287252965667677e-29 -1.44379306822987108e-30
B0531+21   21-Apr-15   23000.00   57133.10416666660            56.778696  0.808 -7.979
    195507591.686100   29.668855443614   jb  300   12   327.000                
  2.67125193694294871e-09 -2.89953341673775677e-01  3.12084633064831772e-06
  1.66541470816259325e-09 -5.04142357098499595e-12 -1.61991976314409896e-15
  3.28986081676704578e-18  2.76874179012653929e-21 -3.52228747399411078e-24
 -6.70870514511663469e-26  2.42605933544736637e-29  8.54671214522276951e-31
B0531+21   21-Apr-15   63000.00   57133.27083333330            56.778704  0.798 -7.669
    195934753.801198   29.668855443614   jb  300   12   327.000                
  1.41288277576185229e-08 -2.88456779151909315e-01  2.52397624337270318e-06
 -3.16751207197438238e-09 -4.08498220491639632e-12  3.07044442821170108e-15
  2.62694937432896501e-18 -4.29182408905448094e-21 -1.49736046359734806e-24
  9.90345035268161496e-26  7.04651947509046520e-30 -1.19891347803684007e-30
B0531+21   21-Apr-15  113000.00   57133.47916666660            56.778713  0.793 -7.985
    196468706.779538   29.668855443614   jb  300   12   327.000                
  2.52532838771318813e-09 -2.88086182398791801e-01 -1.48168548088460245e-06
 -4.41675174640193330e-09  2.30948689329504270e-12  4.21973906620211396e-15
 -1.39201951476797294e-18 -1.59694421817016736e-21 -3.07925527318534229e-24
  4.60909001241185116e-27  5.17230592802443959e-29 -2.15800215343295432e-31
B0531+21   21-Apr-15  163000.00   57133.68749999990            56.778723  0.801 -7.979
    197002659.526515   29.668855443614   jb  300   12   327.000                
 -1.10593867023534107e-08 -2.89777082369225891e-01 -3.33069172459574811e-06
  9.16803324237386318e-10  5.26618341036156851e-12 -9.24566973697013304e-16
 -3.55381298985418037e-18  3.92910605017589273e-21  9.46531631125353448e-24
 -1.11082783111540475e-25 -1.24916460629484877e-28  1.31161287947470976e-30
B0531+21   21-Apr-15  213000.00   57133.89583333330            56.778733  0.806 -7.667
    197536611.754758   29.668855443614   jb  300   12   327.000                
  1.43107657563360435e-08 -2.91039926819393724e-01 -2.64955253345065550e-07
  4.88954065270312972e-09  3.77746250995440970e-13 -4.62657756881877386e-15
 -1.84236840029060829e-19 -1.90775741488002923e-21 -1.63832305675816935e-24
  1.37669835883820287e-25  1.68569622041218596e-29 -1.71842551320858926e-30
B0531+21   22-Apr-15   23000.00   57134.10416666660            56.778743  0.798 -7.984
    198070563.940842   29.668855443614   jb  300   12   327.000                
  1.76066260451084749e-09 -2.90020039515400951e-01  3.15411274249115275e-06
  1.58567668858094724e-09 -5.07186647581204565e-12 -1.52491083048910265e-15
  3.33262485465854891e-18  8.93024421945837596e-22 -5.60817195813006435e-24
  1.17365626719148177e-26  6.96241945712426767e-29 -3.69290765810703162e-31
B0531+21   22-Apr-15   60000.00   57134.25000000000            56.778750  0.788 -7.666
    198444330.758979   29.668855443614   jb  300   12   327.000                
  1.92448781147180317e-08 -2.88679944519937504e-01  2.76851456442406762e-06
 -2.72215087906119999e-09 -4.45388638876182975e-12  2.66078749088209524e-15
  2.94940785105749961e-18 -5.46104819073079302e-21 -5.89961673699856012e-24
  1.52966551166161725e-25  8.10357416144922275e-29 -2.02457399372728324e-30
B0531+21   22-Apr-15  110000.00   57134.45833333330            56.778760  0.783 -7.989
    198978283.700595   29.668855443614   jb  300   12   327.000                
  7.48535565811395582e-09 -2.88095136908404104e-01 -1.11371786885121691e-06
 -4.62840930942360542e-09  1.74337322516761062e-12  4.39826010718983585e-15
 -9.58096640451842487e-19  4.78178836620090213e-22 -5.50637699704232508e-24
 -8.29530222438722797e-26  7.38341019381485006e-29  1.08819588891797634e-30
B0531+21   22-Apr-15  160000.00   57134.66666666660            56.778770  0.790 -7.987
    199512236.468434   29.668855443614   jb  300   12   327.000                
 -5.05291756174161208e-09 -2.89670686688056844e-01 -3.36699188024654534e-06
  3.62793539419254531e-10  5.34399654799883550e-12 -3.49437601875824017e-16
 -3.42926369143214250e-18 -3.38423321186106866e-22  1.74847126686962654e-24
  4.80443198644343811e-26 -3.22398984453537411e-30 -1.00071015304238781e-30
B0531+21   22-Apr-15  210000.00   57134.87500000000            56.778780  0.795 -7.665
    200046188.712220   29.668855443614   jb  300   12   327.000                
  1.73392850022038958e-08 -2.91076699899771307e-01 -6.31324346688022847e-07
  4.81836095873964437e-09  9.82855285795736136e-13 -4.57208830601507704e-15
 -4.95425225990567372e-19 -8.45374385867255772e-22 -4.90878089321981532e-24
  9.78789428364116620e-26  7.13479150978424692e-29 -1.18131949100338173e-30
B0531+21   23-Apr-15   20000.00   57135.08333333330            56.778790  0.788 -7.986
    200580140.857167   29.668855443614   jb  300   12   327.000                
  4.88874927927809280e-09 -2.90233250349364258e-01  3.02327851685044344e-06
  2.10310264907860054e-09 -4.84220845004578386e-12 -2.05779256656398398e-15
  3.18133392499878417e-18  4.25819683641029973e-21 -4.05362499545490502e-24
 -1.05673838595051296e-25  2.77928271606623155e-29  1.25810349921706330e-30
B0531+21   23-Apr-15   60000.00   57135.25000000000            56.778798  0.778 -7.666
    201007302.905829   29.668855443614   jb  300   12   327.000                
  1.95867797646337883e-08 -2.88704173883209070e-01  2.74945494597909897e-06
 -2.79178204779466026e-09 -4.40116629124036997e-12  2.70622838483630988e-15
  2.82833625543841462e-18 -3.68259644591963819e-21 -1.81449898408312383e-24
  8.12361669851649858e-26  1.53288136311601340e-29 -9.57029113344169514e-31
B0531+21   23-Apr-15  110000.00   57135.45833333330            56.778808  0.772 -7.991
    201541255.837130   29.668855443614   jb  300   12   327.000                
  4.81181053850437523e-09 -2.88141937456694086e-01 -1.15479780402535193e-06
 -4.60034713155405562e-09  1.83107767149065533e-12  4.36510091436657280e-15
 -1.11239647299729191e-18  7.66926715252424997e-22 -6.41987385438394268e-25
 -8.53605906666558337e-26 -8.78519659901530929e-30  1.02375243521750260e-30
B0531+21   23-Apr-15  160000.00   57135.66666666660            56.778818  0.779 -7.979
    202075208.588590   29.668855443614   jb  300   12   327.000                
 -1.03127415932577284e-08 -2.89726991458414462e-01 -3.34896780125834888e-06
  4.46770726778784929e-10  5.33763002586779138e-12 -4.50210655769296912e-16
 -3.55838973631696596e-18  1.46335750410890719e-21  8.05869388271195293e-24
 -2.06687761191258020e-26 -1.07892504816090282e-28 -7.35770230365488180e-33
B0531+21   23-Apr-15  210000.00   57135.87500000000            56.778828  0.785 -7.664
    202609160.819126   29.668855443614   jb  300   12   327.000                
  1.47654499109104292e-08 -2.91103363395264381e-01 -5.61244452222073210e-07
  4.83306752955171991e-09  8.92638695598357065e-13 -4.59234131363698380e-15
 -4.78153207491820175e-19 -4.92030823900163622e-22 -3.73106511250451817e-24
  9.01890272325203011e-26  6.11403062219557982e-29 -1.14084979635119621e-30
B0531+21   24-Apr-15   20000.00   57136.08333333330            56.778838  0.777 -7.985
    203143112.962051   29.668855443614   jb  300   12   327.000                
  1.12685918213071721e-09 -2.90223437356869396e-01  3.06069182667757043e-06
  2.02651197373899508e-09 -4.88097621425676956e-12 -1.97883201900585055e-15
  3.19012384680545968e-18  3.81464803431174440e-21 -2.77429344404003941e-24
 -9.28439144906585832e-26 -3.63321208242488300e-31  1.11406179116329713e-30
B0531+21   24-Apr-15   60000.00   57136.25000000000            56.778846  0.767 -7.667
    203570275.014097   29.668855443614   jb  300   12   327.000                
  1.70281101721286496e-08 -2.88690490874234706e-01  2.72910625513505451e-06
 -2.86079867897204673e-09 -4.34915935329287197e-12  2.79338848025252118e-15
  2.93304547072378161e-18 -5.42980460988222053e-21 -8.27873835021082733e-24
  1.43875179295552946e-25  1.21820956736182157e-28 -1.80769149150433296e-30
B0531+21   24-Apr-15  110000.00   57136.45833333330            56.778856  0.762 -7.984
    204104227.946372   29.668855443614   jb  300   12   327.000                
  2.68532866866657486e-10 -2.88151276929205558e-01 -1.19599621510676511e-06
 -4.57101537532079426e-09  1.91595782778664365e-12  4.34238148617532534e-15
 -9.99983547943502842e-19  6.60547405667072831e-22 -8.52247560136836598e-24
 -9.00442350760000994e-26  1.22537356218116516e-28  1.18156129200403333e-30
B0531+21   24-Apr-15  160000.00   57136.66666666660            56.778866  0.768 -7.987
    204638180.692710   29.668855443614   jb  300   12   327.000                
 -1.01272688364792754e-08 -2.89745641917392993e-01 -3.33039912912050360e-06
  5.30448964246988645e-10  5.32816699040491350e-12 -5.15599923203723832e-16
 -3.52278537495707127e-18  4.56500200719195653e-22  6.78119212714771662e-24
  1.14350293214255602e-26 -8.80592200780121881e-29 -3.68853515983127591e-31
B0531+21   24-Apr-15  210000.00   57136.87500000000            56.778876  0.774 -7.664
    205172132.921326   29.668855443614   jb  300   12   327.000                
  1.52791307328033371e-08 -2.91092232331236767e-01 -4.91432835603200181e-07
  4.84625264209052577e-09  8.01305662928597764e-13 -4.59397508325743057e-15
 -3.87014112503381911e-19 -1.44803484242348316e-21 -5.25065586931653711e-24
  1.28052638491935552e-25  8.51861832618322820e-29 -1.69575688744636496e-30
B0531+21   25-Apr-15   20000.00   57137.08333333330            56.778886  0.766 -7.983
    205706085.073505   29.668855443614   jb  300   12   327.000                
  4.39109049838061873e-09 -2.90176349374734244e-01  3.09677402083258165e-06
  1.94936585925735065e-09 -4.91820632378555851e-12 -1.90811523072541046e-15
  3.21501911575456670e-18  4.40310166011863271e-21 -3.47829157573916569e-24
 -1.29407122112574753e-25  2.03348155335489140e-29  1.79457182182318659e-30
B0531+21   25-Apr-15   60000.00   57137.25000000000            56.778894  0.756 -7.670
    206133247.137801   29.668855443614   jb  300   12   327.000                
  1.47886758533576892e-08 -2.88640187951404392e-01  2.70752989888286006e-06
 -2.92877397804200554e-09 -4.29395901420428069e-12  2.84195840372085931e-15
  2.81613483093132293e-18 -3.85239145611565065e-21 -4.33366630255281878e-24
  7.50838982289904744e-26  5.72083286042713875e-29 -7.31556693549055376e-31
B0531+21   25-Apr-15  110000.00   57137.45833333330            56.778904  0.751 -7.994
    206667200.081957   29.668855443614   jb  300   12   327.000                
  3.28368398064035724e-09 -2.88124400482729470e-01 -1.23724993850589348e-06
 -4.54024891630660306e-09  2.00254957856128874e-12  4.31087308485919623e-15
 -1.13738651131137758e-18  8.08931130280067183e-22 -4.84358928868717685e-24
 -9.36343339775362439e-26  6.48980834648998295e-29  1.21241198132508771e-30
B0531+21   25-Apr-15  160000.00   57137.66666666660            56.778914  0.758 -7.981
    207201152.834063   29.668855443614   jb  300   12   327.000                
 -9.89341482237045895e-09 -2.89727841703627365e-01 -3.31123989420243477e-06
  6.14077560915629279e-10  5.31863895167877461e-12 -5.97449274781897815e-16
 -3.64464894973689523e-18  6.07009335207715711e-22  1.25412429450974430e-23
  8.36514132900955763e-27 -1.79013207588587549e-28 -3.42007112125817559e-31
B0531+21   25-Apr-15  210000.00   57137.87500000000            56.778924  0.763 -7.665
    207735105.071733   29.668855443614   jb  300   12   327.000                
  1.77761457269950740e-08 -2.91044482075680344e-01 -4.21857717844220610e-07
  4.85798837918002363e-09  7.10620207996051019e-13 -4.59130855219766424e-15
 -3.79371602947783602e-19 -2.36461641664900350e-21 -3.17702071674072599e-24
  1.53896064103117274e-25  5.25215935410180156e-29 -1.94435346013922190e-30
B0531+21   26-Apr-15   20000.00   57138.08333333330            56.778934  0.755 -7.979
    208269057.244094   29.668855443614   jb  300   12   327.000                
 -5.20500676623968355e-11 -2.90093136800248341e-01  3.13157352206304519e-06
  1.87171952113915401e-09 -4.95402302761979375e-12 -1.84572074971689144e-15
  3.21149439608661606e-18  5.34532245010114203e-21 -1.87108384106610427e-24
 -1.62284505665833894e-25 -8.57658781616116643e-30  2.16789913786412568e-30
B0531+21   26-Apr-15   60000.00   57138.25000000000            56.778942  0.745 -7.667
    208696219.329234   29.668855443614   jb  300   12   327.000                
  1.50978323046953734e-08 -2.88554389164687286e-01  2.68479156912180241e-06
 -2.99596376497898194e-09 -4.23731111228841593e-12  2.91528180302960254e-15
  2.69467321706589841e-18 -4.93322928255106381e-21 -3.22145925715406877e-25
  1.23874623010255864e-25 -1.19500416470269241e-29 -1.52107039766953049e-30
B0531+21   26-Apr-15  110000.00   57138.45833333330            56.778952  0.740 -7.983
    209230172.295847   29.668855443614   jb  300   12   327.000                
  7.57801255013011878e-09 -2.88062393443505871e-01 -1.27848630702283866e-06
 -4.50816233664656301e-09  2.08877641253493935e-12  4.28771213697539056e-15
 -1.32571026559468213e-18  1.25585547739229292e-22  2.01706021005232437e-24
 -6.88993560896793601e-26 -5.57082593656875052e-29  9.13526962213178071e-31
B0531+21   26-Apr-15  160000.00   57138.66666666660            56.778962  0.747 -7.983
    209764125.064291   29.668855443614   jb  300   12   327.000                
 -7.25846704918394533e-09 -2.89674643451624081e-01 -3.29143788781899727e-06
  6.97590246291207867e-10  5.30616848758052988e-12 -6.91141873633664299e-16
 -3.60590316769239301e-18  1.79154231817098841e-21  1.09990050306962342e-23
 -3.42698305727541151e-26 -1.53789337235297164e-28  2.46645822800125218e-31
B0531+21   26-Apr-15  210000.00   57138.87500000000            56.778972  0.752 -7.667
    210298077.321675   29.668855443614   jb  300   12   327.000                
  1.31123067305437785e-08 -2.90961146257510794e-01 -3.52486529324259099e-07
  4.86846018173005397e-09  6.19061639611174875e-13 -4.61462669513262133e-15
 -3.18234630358766667e-19 -1.32450214534249427e-21 -3.18894615236546949e-24
  1.16406636671399832e-25  5.17348382325974010e-29 -1.43419913893440540e-30
B0531+21   27-Apr-15   20000.00   57139.08333333330            56.778982  0.744 -7.984
    210832029.524837   29.668855443614   jb  300   12   327.000                
  3.40011573332082311e-09 -2.89974816866113372e-01  3.16511894027654109e-06
  1.79339248141497250e-09 -4.98793872154203720e-12 -1.75454240360856559e-15
  3.18816493029123438e-18  3.77945420373571233e-21  1.23467806232403574e-25
 -9.93041684938503734e-26 -4.29012649405327160e-29  1.23035147803866564e-30
B0531+21   27-Apr-15   60000.00   57139.25000000000            56.778990  0.733 -7.668
    211259191.639173   29.668855443614   jb  300   12   327.000                
  1.28436502786186303e-08 -2.88434093135447600e-01  2.66094450347871886e-06
 -3.06220009337322043e-09 -4.18043653799417814e-12  2.97643938521210973e-15
  2.66663081728625274e-18 -5.00121230730249484e-21 -5.01279631415797565e-25
  1.30924339443760282e-25 -9.28644941104450795e-30 -1.67521227290367259e-30
B0531+21   27-Apr-15  110000.00   57139.45833333330            56.779000  0.728 -7.996
    211793144.638523   29.668855443614   jb  300   12   327.000                
  4.31579978631967289e-09 -2.87966224023587236e-01 -1.31965517299526250e-06
 -4.47465750319730325e-09  2.17355857937769654e-12  4.24753783633249728e-15
 -1.38153446592147875e-18  6.74005588346580596e-22  1.21176298557562922e-24
 -8.52887447926170817e-26 -2.88378507208041940e-29  1.10808187246335701e-30
B0531+21   27-Apr-15  160000.00   57139.66666666660            56.779010  0.735 -7.973
    212327097.433588   29.668855443614   jb  300   12   327.000                
 -1.17507570656395766e-08 -2.89586990848351822e-01 -3.27096435048979316e-06
  7.80780350603779368e-10  5.29163321462808608e-12 -7.57874742705213744e-16
 -3.52668561649398958e-18  6.68769862251806391e-22  7.75117191237002169e-24
  1.02794037779423169e-26 -9.92949039573879412e-29 -3.77886052530287246e-31
B0531+21   27-Apr-15  210000.00   57139.87500000000            56.779020  0.740 -7.666
    212861049.721066   29.668855443614   jb  300   12   327.000                
  1.16428367869677046e-08 -2.90843157080913961e-01 -2.83309304180907103e-07
  4.87745212040817173e-09  5.26888237579799586e-13 -4.63052668880842692e-15
 -2.11501236454901847e-19 -6.66396131654194019e-22 -5.17350253897638872e-24
  8.96360470120049282e-26  8.06516798204126812e-29 -1.02207954821829647e-30
B0531+21   28-Apr-15   20000.00   57140.08333333330            56.779030  0.732 -7.995
    213395001.965372   29.668855443614   jb  300   12   327.000                
  4.75899944004501744e-09 -2.89822313941631715e-01  3.19743820582163220e-06
  1.71463665425166218e-09 -5.02162403436868363e-12 -1.68215690161998629e-15
  3.28529877624263976e-18  3.90580967725508895e-21 -3.16267798009862661e-24
 -1.03450297231923758e-25  6.91122863525028833e-30  1.28391354123098719e-30
B0531+21   28-Apr-15   60000.00   57140.25000000000            56.779038  0.722 -7.667
    213822164.117034   29.668855443614   jb  300   12   327.000                
  1.50151984387725257e-08 -2.88280210056047037e-01  2.63602095469897438e-06
 -3.12758766715697001e-09 -4.12285172383380956e-12  3.04491807947692698e-15
  2.70941328786368919e-18 -5.56535345139191621e-21 -4.15607000068335830e-24
  1.53051869003705927e-25  4.94963483553921458e-29 -2.01711055421072587e-30
B0531+21   28-Apr-15  110000.00   57140.45833333330            56.779048  0.717 -7.992
    214356117.159133   29.668855443614   jb  300   12   327.000                
  2.09999684465271618e-09 -2.87836778529294901e-01 -1.36071586727347688e-06
 -4.43992737481726503e-09  2.25708554361649604e-12  4.22208295021975735e-15
 -1.39525178326601560e-18  1.17558681643642834e-22 -4.20309189795893216e-25
 -6.47365205493776756e-26 -4.73408713353431256e-30  8.10275806637541956e-31
B0531+21   28-Apr-15  160000.00   57140.66666666660            56.779058  0.724 -7.985
    214890069.990839   29.668855443614   jb  300   12   327.000                
 -8.90007730014802574e-09 -2.89465752603488002e-01 -3.24980485678960754e-06
  8.63858894894689353e-10  5.27585382352901535e-12 -8.47713749925257341e-16
 -3.47341289329074390e-18  1.54100234358948447e-21  5.52783779609118300e-24
 -2.04408244736940702e-26 -6.00901018751773710e-29  3.73899988395831132e-32
B0531+21   28-Apr-15  210000.00   57140.87500000000            56.779068  0.728 -7.664
    215424022.318531   29.668855443614   jb  300   12   327.000                
  2.04441519244617240e-08 -2.90691377044290544e-01 -2.14329855958714841e-07
  4.88491403802179885e-09  4.35881648492709509e-13 -4.62721562556990416e-15
 -2.30057972546753872e-19 -1.67850570117450203e-21 -1.94695712187728286e-24
  1.37335623085255678e-25  3.14839735409198320e-29 -1.85389549379706172e-30
B0531+21   29-Apr-15   20000.00   57141.08333333330            56.779079  0.720 -7.988
    215957974.614062   29.668855443614   jb  300   12   327.000                
  1.19976231749576280e-09 -2.89636486627120548e-01  3.22853872980192662e-06
  1.63538764294970922e-09 -5.05334279650038094e-12 -1.61173546593684122e-15
  3.32682664305531878e-18  4.45630561701974008e-21 -4.11248758280823169e-24
 -1.31298650399915157e-25  2.34482306953585530e-29  1.74466099817260824e-30
B0531+21   29-Apr-15   60000.00   57141.25000000000            56.779087  0.710 -7.669
    216385136.810977   29.668855443614   jb  300   12   327.000                
  1.77417300810350342e-08 -2.88093588188150562e-01  2.61004763377088584e-06
 -3.19206124595924444e-09 -4.06336666489385784e-12  3.11412262059434174e-15
  2.67261224482692764e-18 -6.22339022934841003e-21 -4.27592049210098167e-24
  1.78909720002428810e-25  5.32775052013270944e-29 -2.42505628090363838e-30
B0531+21   29-Apr-15  110000.00   57141.45833333330            56.779097  0.705 -7.981
    216919089.905584   29.668855443614   jb  300   12   327.000                
 -1.59537715990518245e-09 -2.87674885088569754e-01 -1.40163608101005446e-06
 -4.40375503953920739e-09  2.33946797677942218e-12  4.16944267452506203e-15
 -1.35301284877765021e-18  1.86479662413288815e-21 -4.73635645278863691e-24
 -1.35823306469704640e-25  6.55915359184370635e-29  1.86209523885141863e-30
B0531+21   29-Apr-15  160000.00   57141.66666666660            56.779107  0.712 -7.989
    217453042.783705   29.668855443614   jb  300   12   327.000                
 -3.91900519742505150e-09 -2.89311740804516881e-01 -3.22794418157069407e-06
  9.46592149399760936e-10  5.25877866060888051e-12 -9.18740640650317503e-16
 -3.45625286816830581e-18  7.65202231954856809e-22  5.46615862687483789e-24
  1.47696310276654688e-26 -6.20546108571013743e-29 -5.13762803769610998e-31
B0531+21   29-Apr-15  210000.00   57141.87500000000            56.779117  0.717 -7.666
    217986995.161488   29.668855443614   jb  300   12   327.000                
  1.53867211724969870e-08 -2.90506615281561853e-01 -1.45542054459255286e-07
  4.89096136778742621e-09  3.45113630245748318e-13 -4.62457485697529907e-15
 -3.12777555909807665e-19 -2.38291225061678027e-21  5.05285543946865094e-24
  1.60191924322283396e-25 -8.98517713808629975e-29 -2.09305586786236087e-30
B0531+21   30-Apr-15   20000.00   57142.08333333330            56.779127  0.708 -7.986
    218520947.518087   29.668855443614   jb  300   12   327.000                
  2.10654166489572677e-09 -2.89418140916514188e-01  3.25843206181116507e-06
  1.55554387996651067e-09 -5.08351316200701189e-12 -1.51742913127655863e-15
  3.38064313537886024e-18  2.90966803907204563e-21 -5.96770475608607985e-24
 -7.68827945542239121e-26  5.51411975139736900e-29  1.04581354847072234e-30
B0531+21   30-Apr-15   53000.00   57142.22916666660            56.779134  0.699 -7.667
    218894714.466678   29.668855443614   jb  300   12   327.000                
  8.32931524335269726e-09 -2.88038351936196924e-01  2.85361446264260391e-06
 -2.74867126353604534e-09 -4.43541223594913617e-12  2.68654456285912304e-15
  2.98496254962386350e-18 -5.63282042228436126e-21 -7.55962246125775412e-24
  1.58107931756742238e-25  1.03091729805701834e-28 -2.04738733096332286e-30
B0531+21   30-Apr-15  103000.00   57142.43749999990            56.779145  0.693 -7.994
    219428667.607918   29.668855443614   jb  300   12   327.000                
  1.86294174866962424e-09 -2.87406810491187048e-01 -1.03745481271154008e-06
 -4.61889705308961237e-09  1.77625307237731622e-12  4.41186244941481531e-15
 -1.01651549418864322e-18 -1.84018008981108688e-21 -5.14952214552321670e-24
  1.83761058048498570e-26  8.74297541437217536e-29 -5.08055763091691175e-31
B0531+21   30-Apr-15  153000.00   57142.64583333320            56.779155  0.700 -7.979
    219962620.589601   29.668855443614   jb  300   12   327.000                
 -1.63823234458390751e-09 -2.88931185811264590e-01 -3.26945235364388401e-06
  3.93403459798492250e-10  5.34211861409360855e-12 -4.10009878823587857e-16
 -3.52118143376916892e-18  2.77588352195045137e-21  6.42465607458860903e-24
 -8.68682533200812820e-26 -8.28446949999285485e-29  1.11438304268730639e-30
B0531+21   30-Apr-15  203000.00   57142.85416666660            56.779165  0.705 -7.666
    220496573.064750   29.668855443614   jb  300   12   327.000                
  1.36401049966574678e-08 -2.90271839136798937e-01 -5.14929970814362479e-07
  4.82338087844554951e-09  9.48393436278948257e-13 -4.57695065775991451e-15
 -3.72269632111028592e-19 -7.96698846706896343e-22 -9.87671345087380664e-24
  9.19808526746801329e-26  1.57648201270393158e-28 -1.03748053486639996e-30
B0531+21    1-May-15   13000.00   57143.06249999990            56.779175  0.697 -7.990
    221030525.461497   29.668855443614   jb  300   12   327.000                
  6.57789144412607835e-09 -2.89360728284232149e-01  3.12718749011910261e-06
  2.07402488922383772e-09 -4.85520350239845962e-12 -1.98079400167937409e-15
  3.04456876465372013e-18 -1.75746349269658843e-22  1.79905989069012519e-24
  7.02185553300615931e-26 -5.55932335688542781e-29 -1.31793647940345783e-30
B0531+21    1-May-15   53000.00   57143.22916666660            56.779183  0.687 -7.667
    221457687.725125   29.668855443614   jb  300   12   327.000                
  8.36911278316875050e-09 -2.87787082436689712e-01  2.83157995408615388e-06
 -2.81801446609525476e-09 -4.38336419911009868e-12  2.74083355950109257e-15
  2.99894003821795507e-18 -4.29631867031627729e-21 -9.90613693917534936e-24
  9.58455272822892415e-26  1.43296706345549783e-28 -1.05165695462993408e-30
B0531+21    1-May-15  103000.00   57143.43749999990            56.779193  0.681 -7.987
    221991640.938445   29.668855443614   jb  300   12   327.000                
 -3.68991797913389486e-10 -2.87179763028770352e-01 -1.08102662822055587e-06
 -4.59032926989571534e-09  1.86334301987279342e-12  4.38511624620726448e-15
 -1.13804612835739976e-18 -1.69882502270370914e-21 -1.32685793530843659e-24
  7.43234774283403694e-27  1.73930013614744587e-29 -2.85819030559076598e-31
B0531+21    1-May-15  153000.00   57143.64583333320            56.779204  0.688 -7.978
    222525593.985693   29.668855443614   jb  300   12   327.000                
  2.22380072555200775e-09 -2.88715023386559688e-01 -3.25362269753626051e-06
  4.77248446418894215e-10  5.33451721380864555e-12 -4.81839307110795832e-16
 -3.54434203394306620e-18  2.19603939599672840e-21  6.65583124341780468e-24
 -6.70040506367496416e-26 -7.20885534186325532e-29  8.76368315025334179e-31
B0531+21    1-May-15  203000.00   57143.85416666660            56.779214  0.693 -7.667
    223059546.529130   29.668855443614   jb  300   12   327.000                
  9.93227529165078559e-09 -2.90027404522596677e-01 -4.47293296580874836e-07
  4.83755353974994016e-09  8.58039134554040126e-13 -4.58547390329991406e-15
 -3.48623192524449781e-19 -1.35128514622187922e-21 -9.02876749626062238e-24
  1.17233548195072167e-25  1.52141395768053327e-28 -1.43490833343692370e-30
B0531+21    2-May-15   13000.00   57144.06249999990            56.779224  0.685 -7.980
    223593499.004952   29.668855443614   jb  300   12   327.000                
  5.38480181054044947e-09 -2.89081400673734334e-01  3.16181556926097254e-06
  1.99733648907851948e-09 -4.89369793755345378e-12 -1.91762665317782969e-15
  3.08006161932548810e-18  1.06151591703346352e-21  1.44635273646199832e-24
  6.96227542744575901e-27 -4.87103951827608569e-29 -2.34497039519437876e-31
B0531+21    2-May-15   53000.00   57144.22916666660            56.779232  0.674 -7.668
    224020661.336487   29.668855443614   jb  300   12   327.000                
  7.94730023881968345e-09 -2.87505220065253420e-01  2.80851401578348684e-06
 -2.88649044625529315e-09 -4.32868409832443019e-12  2.79636875666298106e-15
  2.84141402288157371e-18 -3.51216815318116473e-21 -3.72947505423202484e-24
  6.46635672217735037e-26  3.78564302618958441e-29 -6.03584344904638874e-31
B0531+21    2-May-15  103000.00   57144.43749999990            56.779242  0.669 -7.988
    224554614.631004   29.668855443614   jb  300   12   327.000                
  2.73348255880722643e-09 -2.86922413999802506e-01 -1.12446009162474075e-06
 -4.56041063794281291e-09  1.94903075578640046e-12  4.36112062129005268e-15
 -1.12370178131609925e-18 -2.19392228963969388e-21 -4.91263170263699400e-24
  3.26589872857721555e-26  7.91901846466266394e-29 -7.25199628730574193e-31
B0531+21    2-May-15  153000.00   57144.64583333320            56.779253  0.675 -7.995
    225088567.752948   29.668855443614   jb  300   12   327.000                
 -2.68308479623049047e-09 -2.88468212321744022e-01 -3.23699659533529219e-06
  5.60960194538699193e-10  5.32382217685905881e-12 -5.50054156686265398e-16
 -3.45697600002681621e-18  1.16368401765638873e-21  3.75283853925940550e-24
 -2.64059464192117604e-26 -3.44122979776630742e-29  3.22142961733827500e-31
B0531+21    2-May-15  203000.00   57144.85416666660            56.779263  0.680 -7.664
    225622520.373924   29.668855443614   jb  300   12   327.000                
  4.66030998267600861e-09 -2.89752034953640936e-01 -3.79685927987338584e-07
  4.85027127367110254e-09  7.66765995927405523e-13 -4.58605763872813440e-15
 -2.98825440804302314e-19 -2.41954314830809908e-21 -7.84839187077115113e-24
  1.61456141890370312e-25  1.23699124118411080e-28 -2.10422606444445161e-30
B0531+21    3-May-15   13000.00   57145.06249999990            56.779273  0.673 -7.981
    226156472.938061   29.668855443614   jb  300   12   327.000                
  1.01572596077829751e-09 -2.88771514810093222e-01  3.19535204206984362e-06
  1.92004229170993079e-09 -4.93181035198049088e-12 -1.83965672463130948e-15
  3.26170099696982583e-18  1.74466335073119697e-22 -5.93373435543584721e-24
  5.83632434862718829e-26  6.92895564719724017e-29 -1.20635816027005706e-30
B0531+21    3-May-15   53000.00   57145.22916666660            56.779281  0.662 -7.669
    226583635.344771   29.668855443614   jb  300   12   327.000                
  1.36931314900239532e-08 -2.87193339200904563e-01  2.78446975767295208e-06
 -2.95420763380183611e-09 -4.27378320417364784e-12  2.87617643435923785e-15
  2.84144606086432359e-18 -5.23347979160561213e-21 -6.21364119857984743e-24
  1.41625855814836950e-25  8.95205959401310160e-29 -1.82427386240058242e-30
B0531+21    3-May-15  103000.00   57145.43749999990            56.779292  0.657 -7.986
    227117588.729433   29.668855443614   jb  300   12   327.000                
  1.70498982517580552e-09 -2.86635305847859456e-01 -1.16770253960127910e-06
 -4.52910400931336345e-09  2.03566709038537832e-12  4.33100390491584714e-15
 -1.32163957764517778e-18 -2.00829372587445721e-21  2.30682589426485314e-24
  1.86398103894552694e-26 -4.34511336559826077e-29 -4.23927700096517165e-31
B0531+21    3-May-15  153000.00   57145.64583333320            56.779302  0.663 -7.987
    227651541.935047   29.668855443614   jb  300   12   327.000                
 -6.14884940410194165e-09 -2.88191265302183530e-01 -3.21954719041969437e-06
  6.44622273803538453e-10  5.31243024285395070e-12 -6.44506121179819584e-16
 -3.42035737592667210e-18  2.49692707518059857e-21  1.89367980049241682e-24
 -7.46171741700345639e-26  5.57206289916897770e-31  9.56292792657030903e-31
B0531+21    3-May-15  203000.00   57145.85416666660            56.779312  0.668 -7.667
    228185494.642663   29.668855443614   jb  300   12   327.000                
  9.98452639227418699e-09 -2.89446224241884653e-01 -3.12089298021000890e-07
  4.86168755791623720e-09  6.75656316565231993e-13 -4.61337348449836061e-15
 -2.43315046405081553e-19 -8.73121082667793499e-22 -8.09327092473945450e-24
  9.85036967009810989e-26  1.27257002015212388e-28 -1.17372268114069098e-30
B0531+21    4-May-15   13000.00   57146.06249999990            56.779323  0.660 -7.988
    228719447.304209   29.668855443614   jb  300   12   327.000                
  1.49589607277987222e-09 -2.88431546181906584e-01  3.22782910310533495e-06
  1.84218849248145159e-09 -4.96653472571976400e-12 -1.76731969044382867e-15
  3.23200617676697903e-18  5.64580445876765650e-22 -4.17296222156169660e-24
  3.20966391159830743e-26  4.85812800568501163e-29 -6.95565300894821172e-31
B0531+21    4-May-15   53000.00   57146.22916666660            56.779331  0.649 -7.671
    229146609.793251   29.668855443614   jb  300   12   327.000                
  1.08362522631102109e-08 -2.86851892554889742e-01  2.75950284675307408e-06
 -3.02095291990943921e-09 -4.21783431115564417e-12  2.92860724745590088e-15
  2.84702858977879043e-18 -4.00133307607567892e-21 -8.15977245005756542e-24
  8.47577223875804852e-26  1.20702035083087034e-28 -9.25447072503899165e-31
B0531+21    4-May-15  103000.00   57146.43749999990            56.779341  0.644 -7.989
    229680563.276876   29.668855443614   jb  300   12   327.000                
  1.96574830091945761e-09 -2.86318853394456174e-01 -1.21068427248789375e-06
 -4.49637573961407990e-09  2.11980838533596295e-12  4.28806458066231467e-15
 -1.25895939823557190e-18 -1.17695296904529154e-21 -3.81579455684033014e-24
 -6.55655108580681351e-27  6.50613760786592764e-29 -1.41266319044813300e-31
B0531+21    4-May-15  153000.00   57146.64583333320            56.779352  0.651 -7.988
    230214516.575016   29.668855443614   jb  300   12   327.000                
 -2.87187037121582121e-09 -2.87884563039003727e-01 -3.20122395413561190e-06
  7.28027169912998513e-10  5.30042301547237606e-12 -7.16874365911183506e-16
 -3.51442118664428613e-18  1.76985565863956860e-21  6.78774913639064752e-24
 -4.28466732087763248e-26 -8.06585104240993143e-29  4.93511568368990666e-31
B0531+21    4-May-15  203000.00   57146.85416666660            56.779362  0.655 -7.668
    230748469.378260   29.668855443614   jb  300   12   327.000                
  9.36513110340716216e-09 -2.89110329545109068e-01 -2.44463996622523632e-07
  4.87158696770174905e-09  5.84282652208196233e-13 -4.62050636553451842e-15
 -1.97875750399709274e-19 -8.52798573181665395e-22 -8.04198139684283848e-24
  8.85029014475459657e-26  1.36525305987305085e-28 -8.95221946683448531e-31
B0531+21    5-May-15   13000.00   57147.06249999990            56.779372  0.647 -7.986
    231282422.146206   29.668855443614   jb  300   12   327.000                
  3.12950469906508226e-09 -2.88061829723034790e-01  3.25930053036527860e-06
  1.76384789827895749e-09 -5.00017039900050038e-12 -1.70428514507738431e-15
  3.19143470418077867e-18  1.69854626256745938e-21 -4.11033262324965257e-26
 -1.71775420160733582e-26 -3.58090442287874748e-29  5.96831511919838480e-32
B0531+21    5-May-15   53000.00   57147.22916666660            56.779381  0.636 -7.672
    231709584.724659   29.668855443614   jb  300   12   327.000                
  7.68560387867420311e-09 -2.86481188999803627e-01  2.73367912871774509e-06
 -3.08680225044792329e-09 -4.16123763602429524e-12  2.98756582500452896e-15
  2.89054650810103621e-18 -3.75806516261783819e-21 -1.12198270503101833e-23
  7.72698965160024808e-26  1.63239554144304466e-28 -8.62022110893036023e-31
B0531+21    5-May-15  103000.00   57147.43749999990            56.779391  0.631 -7.982
    232243538.315978   29.668855443614   jb  300   12   327.000                
  3.42473055268684661e-09 -2.85973324390540906e-01 -1.25334020879407612e-06
 -4.46245100931668945e-09  2.20397666784205776e-12  4.27175775069196061e-15
 -1.31734576486959292e-18 -2.48550173769794228e-21 -2.72690051965163742e-24
  4.02476345392093333e-26  3.68484562174456179e-29 -7.41545545419079819e-31
B0531+21    5-May-15  153000.00   57147.64583333320            56.779401  0.638 -7.977
    232777491.715425   29.668855443614   jb  300   12   327.000                
  1.37759683991632641e-09 -2.87548336941946259e-01 -3.18197038462353814e-06
  8.11335572407215241e-10  5.28556042793495777e-12 -8.12802251094888650e-16
 -3.44865421476997232e-18  3.20848560195921673e-21  4.00180843029199739e-24
 -9.76755034276959080e-26 -3.47124813931315440e-29  1.28259887143605635e-30
B0531+21    5-May-15  203000.00   57147.85416666660            56.779412  0.642 -7.668
    233311444.623220   29.668855443614   jb  300   12   327.000                
  1.05602712837769355e-08 -2.88744556959119658e-01 -1.76775174799269304e-07
  4.88006180817545649e-09  4.92848923972802986e-13 -4.62377161963978195e-15
 -1.84040312109756934e-19 -1.42866527373604270e-21 -5.38746065912484504e-24
  1.17859691755314885e-25  8.42946910947756207e-29 -1.41790849460904645e-30
B0531+21    6-May-15   13000.00   57148.06249999990            56.779422  0.634 -7.984
    233845397.506499   29.668855443614   jb  300   12   327.000                
  1.40177072100372340e-09 -2.87662547276120228e-01  3.28980947501921833e-06
  1.68493170872417054e-09 -5.03252474864461808e-12 -1.62439709432846466e-15
  3.21436177782473671e-18  1.25880449899883663e-21 -5.52963835775348655e-25
 -3.85858055426872905e-28 -2.10164396377270308e-29 -2.00847028744107696e-31
B0531+21    6-May-15   53000.00   57148.22916666660            56.779431  0.623 -7.671
    234272560.181402   29.668855443614   jb  300   12   327.000                
  1.08806633971551391e-08 -2.86081383317362603e-01  2.70705256257236935e-06
 -3.15188854435669336e-09 -4.10227211245931796e-12  3.07800333134595656e-15
  2.84824652473184442e-18 -6.33232060212107408e-21 -1.14878274296130992e-23
  1.80059909225627735e-25  1.73014664182806938e-28 -2.38688016937950800e-30
B0531+21    6-May-15  103000.00   57148.43749999990            56.779441  0.618 -7.994
    234806513.889107   29.668855443614   jb  300   12   327.000                
  2.71351659802251732e-09 -2.85598833102076566e-01 -1.29560659195012449e-06
 -4.42705006751123732e-09  2.28891895458671176e-12  4.22182723232584034e-15
 -1.50675389560777620e-18 -9.07951807204554637e-22  3.39798907559306838e-24
 -2.47595972617036168e-26 -6.09476413465580650e-29  2.35328871061445861e-31
B0531+21    6-May-15  153000.00   57148.64583333320            56.779451  0.625 -7.986
    235340467.398614   29.668855443614   jb  300   12   327.000                
 -5.83380291072942213e-09 -2.87182664532006249e-01 -3.16174255704867755e-06
  8.94250522976028783e-10  5.26993363791503062e-12 -8.75038008361047180e-16
 -3.47300301158275378e-18  1.84893822403685271e-21  5.38912590511573826e-24
 -4.83246923937933346e-26 -5.54060646186740943e-29  6.51530647728635021e-31
B0531+21    6-May-15  203000.00   57148.85416666660            56.779462  0.629 -7.669
    235874420.419864   29.668855443614   jb  300   12   327.000                
  8.43426007305963385e-09 -2.88348960257625353e-01 -1.08985368208394912e-07
  4.88717032349872291e-09  4.00244434281146761e-13 -4.63702554830155441e-15
 -4.04647303552539148e-20 -1.11951041409654708e-21 -9.57840109323030719e-24
  1.13549337388499491e-25  1.57268490335975664e-28 -1.43349051511857005e-30
B0531+21    7-May-15   13000.00   57149.06249999990            56.779472  0.621 -7.984
    236408373.427395   29.668855443614   jb  300   12   327.000                
  4.09764099668969871e-10 -2.87233730351369232e-01  3.31940227833662099e-06
  1.60553802730958982e-09 -5.06414462421311588e-12 -1.54944623640403047e-15
  3.33345886620653963e-18  1.44159572627311756e-21 -5.87237353042565345e-24
 -1.17797044257142529e-26  7.56366235327121357e-29 -7.97132479970394269e-33
B0531+21    7-May-15   53000.00   57149.22916666660            56.779481  0.610 -7.670
    236835536.205781   29.668855443614   jb  300   12   327.000                
  8.49984430151902622e-09 -2.85652482717806633e-01  2.67968775825467168e-06
 -3.21580614553381106e-09 -4.04108552121956765e-12  3.12346555637357670e-15
  2.65310605471673353e-18 -5.05947285467566717e-21 -3.55795329073243973e-24
  1.30980881748887282e-25  3.52904033269769121e-29 -1.69822764172390472e-30
B0531+21    7-May-15  103000.00   57149.43749999990            56.779491  0.605 -7.985
    237369490.038568   29.668855443614   jb  300   12   327.000                
  8.06424935386346073e-09 -2.85195347910653707e-01 -1.33741210930857631e-06
 -4.39035021600034888e-09  2.37170142022640419e-12  4.17701521631804562e-15
 -1.51720285869815227e-18 -5.64223154202569978e-23  9.58260580812308308e-25
 -5.54322140203277252e-26 -1.50313975934715362e-29  6.44291235343184206e-31
B0531+21    7-May-15  153000.00   57149.64583333320            56.779502  0.612 -7.984
    237903443.666900   29.668855443614   jb  300   12   327.000                
 -2.95170999828578309e-09 -2.86787482366148261e-01 -3.14049475474772603e-06
  9.76864714599872771e-10  5.25249073782283550e-12 -9.29053371950965002e-16
 -3.49305919100445613e-18 -3.17175573105122136e-22  7.51554936956882012e-24
  3.98846026159065375e-26 -9.92990106240241321e-29 -6.63382230169379132e-31
B0531+21    7-May-15  203000.00   57149.85416666660            56.779512  0.616 -7.670
    238437396.810533   29.668855443614   jb  300   12   327.000                
  7.10582218760300161e-09 -2.87923456473470840e-01 -4.10774467782505709e-08
  4.89282212629249899e-09  3.09168872293619113e-13 -4.65191358108697266e-15
 -9.05201184123740956e-20 -3.33862448657892103e-23 -4.23226184138197609e-24
  6.47270598916597322e-26  6.52320602599610990e-29 -6.79984634034156931e-31
B0531+21    8-May-15   13000.00   57150.06249999990            56.779523  0.608 -7.987
    238971349.951262   29.668855443614   jb  300   12   327.000                
  4.11609276344606658e-09 -2.86775279217911794e-01  3.34811076436881281e-06
  1.52566816382238614e-09 -5.09310506659449220e-12 -1.47079639198389704e-15
  3.27269930518219804e-18  1.36720113937015871e-21 -1.24313181865628902e-24
 -1.62070005558710911e-26 -1.23914368422572672e-29  1.37508565609424914e-31
