B0531+21   18-Apr-15   13000.00   57130.06250000000            56.778551  0.826 -7.632
    187711882.938844   29.668855443614 gmrt  300   12   327.000                
  1.53335420886009199e-08 -2.87383181482695593e-01  4.05553375762705502e-06
 -4.80683359703655385e-09 -6.60736972335439181e-12  4.67040186317592638e-15
  4.26476012100057020e-18 -7.71478692462554950e-21 -1.32714977711725675e-24
  2.02672666088690323e-25 -2.59507041867535211e-29 -2.64506725500715060e-30
B0531+21   18-Apr-15   63000.00   57130.27083333330            56.778561  0.820 -7.987
    188245836.317220   29.668855443614 gmrt  300   12   327.000                
  5.99155809397460275e-09 -2.86726021320055813e-01 -2.21373427549991504e-06
 -7.06371295815229994e-09  3.39943358114675715e-12  6.72933782060414302e-15
 -2.09889363005030513e-18 -5.73482388272198044e-22 -1.29227705513436646e-24
 -8.29494945814869564e-26  1.33892785728146215e-29  1.10113813249734819e-30
B0531+21   18-Apr-15  113000.00   57130.47916666660            56.778571  0.833 -7.983
    188779789.349139   29.668855443614 gmrt  300   12   327.000                
 -6.17258004028837788e-09 -2.89365951928351850e-01 -5.30863500925956279e-06
  1.20462525135386092e-09  8.34383458111169162e-12 -1.16616656974478614e-15
 -5.46055417772736922e-18  8.64960627149160874e-22  7.75459523811911833e-24
  2.04231350582738031e-26 -8.84792327410956580e-29 -6.58006699704407925e-31
B0531+21   18-Apr-15  163000.00   57130.68750000000            56.778581  0.842 -7.667
    189313741.553384   29.668855443614 gmrt  300   12   327.000                
  1.48790019362200249e-08 -2.91443378081932714e-01 -6.14993829146127685e-07
  7.68442587302971620e-09  8.59111653137487486e-13 -7.31934732230932857e-15
 -4.14067041361605158e-19  7.65891744466176898e-22 -5.60613013819894248e-24
  8.68800374412940481e-26  8.92360266748877456e-29 -1.08645266206005678e-30
B0531+21   18-Apr-15  213000.00   57130.89583333330            56.778591  0.832 -7.982
    189847693.659836   29.668855443614 gmrt  300   12   327.000                
  1.21181056005008185e-09 -2.89933461079905808e-01  4.88194179787176261e-06
  2.72585404047693358e-09 -7.90497439683854529e-12 -2.64964488717594117e-15
  5.21615483657903295e-18  4.50669471971483100e-21 -8.38343574265622412e-24
 -1.14746400652690070e-25  8.71933307371706176e-29  1.50970128158391285e-30
B0531+21   19-Apr-15   13000.00   57131.06250000000            56.778599  0.817 -7.631
    190274855.885860   29.668855443614 gmrt  300   12   327.000                
  1.70023733875548813e-08 -2.87574356667416542e-01  4.01411908405027862e-06
 -4.91014313457334455e-09 -6.51600918956998410e-12  4.76480862153375116e-15
  4.24178707862929109e-18 -6.96774208084097314e-21 -3.41797687945280530e-24
  1.60111740941100452e-25  1.27314576258983403e-29 -1.91198803220217830e-30
B0531+21   19-Apr-15   63000.00   57131.27083333330            56.778609  0.811 -7.994
    190808809.201297   29.668855443614 gmrt  300   12   327.000                
  8.41384983661141778e-09 -2.86957095555247621e-01 -2.28095453327551608e-06
 -7.00922497800680179e-09  3.53228021333859564e-12  6.65650892037457479e-15
 -2.22314384649941393e-18  1.41388527326129443e-21  5.92607310649730954e-25
 -1.63494605904639554e-25 -1.76031775328093695e-29  2.29049333631642166e-30
B0531+21   19-Apr-15  113000.00   57131.47916666660            56.778618  0.824 -7.980
    191342762.160204   29.668855443614 gmrt  300   12   327.000                
 -1.05532639072442079e-08 -2.89611540208178531e-01 -5.27797600948781032e-06
  1.33549397023946921e-09  8.31959223927945389e-12 -1.29038787704240963e-15
 -5.41406943295512209e-18  1.33125124404976816e-21  6.83374151033768113e-24
 -1.26936214472420339e-26 -8.06272390695047513e-29  1.99768847520055337e-32
B0531+21   19-Apr-15  163000.00   57131.68750000000            56.778628  0.833 -7.665
    191876714.296591   29.668855443614 gmrt  300   12   327.000                
  1.61179640678093161e-08 -2.91642386057217706e-01 -5.08715796382886436e-07
  7.69670537655543142e-09  7.15681138231023478e-13 -7.33117113300486207e-15
 -4.52066014714649835e-19  6.20454594881005978e-22  1.31374965207011181e-25
  9.62623266267419320e-26 -1.18022030226491133e-30 -1.25553176628178264e-30
B0531+21   19-Apr-15  213000.00   57131.89583333330            56.778638  0.822 -7.981
    192410666.352104   29.668855443614 gmrt  300   12   327.000                
  4.84848330077901389e-09 -2.90080173350551918e-01  4.92879203601896131e-06
  2.60105579175851751e-09 -7.95337606978899674e-12 -2.53677514435246970e-15
  5.08106205962977235e-18  4.95928582387482656e-21 -1.43072542855163129e-24
 -1.32535694771015642e-25 -1.56961606238105588e-29  1.73906956228493811e-30
B0531+21   20-Apr-15   13000.00   57132.06250000000            56.778646  0.807 -7.630
    192837828.543822   29.668855443614 gmrt  300   12   327.000                
  1.51134339765324199e-08 -2.87720860055258432e-01  3.97094158147874675e-06
 -5.01194552760348984e-09 -6.42246701156368495e-12  4.85085605161379171e-15
  4.16585781251710631e-18 -6.07688876182903036e-21 -2.67358719359512144e-24
  1.22771706108842499e-25  1.61699029115667453e-30 -1.34279015695153916e-30
B0531+21   20-Apr-15   63000.00   57132.27083333330            56.778656  0.801 -7.984
    193371781.809614   29.668855443614 gmrt  300   12   327.000                
  5.71873980339053349e-09 -2.87144031026034641e-01 -2.34808976190653578e-06
 -6.95289559544005613e-09  3.66320436983083696e-12  6.62986124045052378e-15
 -2.25872265038062481e-18 -9.83377059364420764e-22 -1.21433513827649811e-24
 -7.01796552672162956e-26  6.43602874922865169e-30  9.80243298763272449e-31
B0531+21   20-Apr-15  113000.00   57132.47916666660            56.778666  0.814 -7.974
    193905734.708801   29.668855443614 gmrt  300   12   327.000                
 -1.18597966944434586e-08 -2.89812565144991707e-01 -5.24636565869018363e-06
  1.46605101081530589e-09  8.29333816117389259e-12 -1.42620372565207174e-15
 -5.39044057576723312e-18  2.09433888209445639e-21  6.16669621946082789e-24
 -3.25240174517676580e-26 -6.52929454633487514e-29  2.18176364216089885e-31
B0531+21   20-Apr-15  163000.00   57132.68750000000            56.778676  0.823 -7.665
    194439686.790757   29.668855443614 gmrt  300   12   327.000                
  1.65700747348138394e-08 -2.91796597909427968e-01 -4.02898382782321160e-07
  7.70670074549382825e-09  5.69506181123605733e-13 -7.34498017660360479e-15
 -2.09762348571000642e-19  9.83793487683488885e-22 -6.87035840553750348e-24
  8.26756558724810225e-26  1.12179463351280091e-28 -1.06623007701535302e-30
B0531+21   20-Apr-15  213000.00   57132.89583333330            56.778686  0.811 -7.983
    194973638.808667   29.668855443614 gmrt  300   12   327.000                
  5.25920292038239978e-09 -2.90182925940220882e-01  4.97356840303856621e-06
  2.47538393240044145e-09 -8.00286221099037171e-12 -2.40463592429119773e-15
  5.28074769204291713e-18  3.86249731441881161e-21 -7.96674015818053898e-24
 -9.24925326226241338e-26  7.26312069066928810e-29  1.17687807524404113e-30
B0531+21   21-Apr-15   10000.00   57133.04166666660            56.778693  0.798 -7.644
    195347405.674937   29.668855443614 gmrt  300   12   327.000                
  1.36709288025306508e-08 -2.88073061811931319e-01  4.35061374446948600e-06
 -4.31112112814626484e-09 -7.00582326600908352e-12  4.12500467159420321e-15
  4.72453931348256318e-18 -1.51505484717036911e-21 -1.43984326958410167e-23
 -2.21199438702589094e-26  2.23220260164091408e-28  4.83655225734504070e-31
B0531+21   21-Apr-15   60000.00   57133.24999999990            56.778703  0.791 -7.988
    195881358.882133   29.668855443614 gmrt  300   12   327.000                
  5.46008288582200407e-09 -2.87162646043790826e-01 -1.77597901926310308e-06
 -7.28919673953719490e-09  2.77388254104395289e-12  6.98098056057588423e-15
 -1.71321846555320267e-18 -4.28302824200640700e-21 -1.52398975324737763e-24
  7.51485530223280528e-26  2.42154295858812839e-29 -1.40652143376195055e-30
B0531+21   21-Apr-15  110000.00   57133.45833333320            56.778712  0.802 -7.973
    196415311.812093   29.668855443614 gmrt  300   12   327.000                
 -1.29749257931304320e-10 -2.89654531519877578e-01 -5.31249747190869207e-06
  5.93615418886645947e-10  8.42150651120128942e-12 -5.99748607371264889e-16
 -5.48431232533644444e-18  2.76134773913818399e-21  6.98021501377267375e-24
 -8.13110636614338640e-26 -7.92938108028418705e-29  1.00199539007346978e-30
B0531+21   21-Apr-15  160000.00   57133.66666666660            56.778722  0.813 -7.663
    196949263.914879   29.668855443614 gmrt  300   12   327.000                
  4.77796232506989658e-09 -2.91869175961261607e-01 -9.87612490339873314e-07
  7.59701439232753562e-09  1.52387478718616653e-12 -7.22740101453715921e-15
 -7.38483896906592067e-19  2.95656231546049155e-22 -1.01579492850538743e-23
  9.03190915583426605e-26  1.68544449727809200e-28 -9.47344477012264670e-31
B0531+21   21-Apr-15  210000.00   57133.87499999990            56.778732  0.803 -7.978
    197483215.862983   29.668855443614 gmrt  300   12   327.000                
 -2.91461049292305284e-10 -2.90537283250405232e-01  4.76205678521501079e-06
  3.29154990413386555e-09 -7.64165628990195221e-12 -3.15960691385105589e-15
  4.90804724579377752e-18  1.62416668119847155e-21 -2.29541324726777430e-24
  1.78608489607751245e-26 -4.59296454042491687e-30 -5.17475393884882882e-31
B0531+21   22-Apr-15   10000.00   57134.04166666660            56.778740  0.788 -7.645
    197910377.945424   29.668855443614 gmrt  300   12   327.000                
  1.48965290282282892e-08 -2.88132906631846708e-01  4.31324353649490103e-06
 -4.42082115515551938e-09 -6.92370112836288452e-12  4.24183269302273991e-15
  4.66842361648284981e-18 -2.75770844532060459e-21 -1.37127703682645528e-23
  3.03542643921595803e-26  2.05826898906053027e-28 -3.52952670615046841e-31
B0531+21   22-Apr-15   60000.00   57134.24999999990            56.778750  0.780 -7.983
    198444331.129216   29.668855443614 gmrt  300   12   327.000                
  2.97845484633477479e-09 -2.87262364331302034e-01 -1.84769799849654453e-06
 -7.24462506911013460e-09  2.91211025407887803e-12  6.93520366994518570e-15
 -1.93851876497279513e-18 -3.76486029744035100e-21  4.29124711509769720e-24
  4.96457850899669781e-26 -6.43987447653803526e-29 -9.82303700310292214e-31
B0531+21   22-Apr-15  110000.00   57134.45833333320            56.778760  0.792 -7.987
    198978284.024957   29.668855443614 gmrt  300   12   327.000                
 -3.05679745002003229e-09 -2.89773324611894534e-01 -5.29082738408999518e-06
  7.25740677787022147e-10  8.40884502037996325e-12 -7.10243212108944879e-16
 -5.43306396546802434e-18  1.61113742241110481e-21  4.89679797010389792e-24
 -4.15291832989213453e-26 -4.59015740020282466e-29  5.23962898206655299e-31
B0531+21   22-Apr-15  160000.00   57134.66666666660            56.778770  0.802 -7.663
    199512236.097234   29.668855443614 gmrt  300   12   327.000                
  7.26925627443209650e-09 -2.91945336989433479e-01 -8.84087772470498786e-07
  7.61977678734012122e-09  1.38128180026687457e-12 -7.24613837428099681e-15
 -7.12432053728870919e-19 -3.65807479247855888e-22 -6.89219982057281389e-24
  1.29655431639321699e-25  1.11398034056693998e-28 -1.67813681750044528e-30
B0531+21   22-Apr-15  210000.00   57134.87499999990            56.778780  0.792 -7.977
    200046188.031276   29.668855443614 gmrt  300   12   327.000                
  9.70341083484792429e-11 -2.90560201437518761e-01  4.81382887345893303e-06
  3.17077051418004493e-09 -7.70163438026685512e-12 -3.04958491149028373e-15
  4.85369101662301681e-18  2.22947900387752708e-21  2.11114808029597809e-24
 -1.22673622162732163e-26 -7.65871084251036183e-29 -4.03210809303552252e-32
B0531+21   23-Apr-15   10000.00   57135.04166666660            56.778788  0.777 -7.642
    200473350.109425   29.668855443614 gmrt  300   12   327.000                
  1.30838649641283134e-08 -2.88153176968131752e-01  4.27402356294693603e-06
 -4.52911174176131132e-09 -6.83879258041423402e-12  4.33667492128408907e-15
  4.55311828886510682e-18 -1.89644003997968882e-21 -1.08890222030706056e-23
 -1.02143354162607569e-26  1.58172116555428379e-28  2.96636860722442030e-31
B0531+21   23-Apr-15   60000.00   57135.24999999990            56.778798  0.770 -7.991
    201007303.281567   29.668855443614 gmrt  300   12   327.000                
  4.31258905938371802e-09 -2.87323103141495340e-01 -1.91941467071013237e-06
 -7.19781587711826706e-09  3.04694674806726483e-12  6.87357888217893101e-15
 -1.93073070420055283e-18 -2.13202497065972889e-21  6.86017787539690516e-25
 -1.87797629605678313e-26 -1.04069906845851099e-29  8.23137031552227234e-32
B0531+21   23-Apr-15  110000.00   57135.45833333320            56.778808  0.782 -7.984
    201541256.154829   29.668855443614 gmrt  300   12   327.000                
 -4.71738951646606761e-11 -2.89852723843635418e-01 -5.26813373512163360e-06
  8.57822875767035822e-10  8.39453681354096244e-12 -8.43036003919188692e-16
 -5.46895352035369942e-18  1.69868006770984804e-21  6.46732689881360221e-24
 -2.53589782250091614e-26 -6.51321507774393420e-29  7.52574915409054916e-32
B0531+21   23-Apr-15  160000.00   57135.66666666660            56.778818  0.792 -7.662
    202075208.208485   29.668855443614 gmrt  300   12   327.000                
  6.25237971275831360e-09 -2.91981780687970149e-01 -7.80824710367940590e-07
  7.64027506940574990e-09  1.23770748643706579e-12 -7.25873117241964791e-15
 -6.22701910967579507e-19 -1.17117258702739559e-21 -6.49034713128390022e-24
  1.64808237128990249e-25  9.88119946448280934e-29 -2.19845044243870404e-30
B0531+21   23-Apr-15  210000.00   57135.87499999990            56.778828  0.781 -7.984
    202609160.140298   29.668855443614 gmrt  300   12   327.000                
  6.34050044994496345e-10 -2.90544122836685181e-01  4.86366786660072066e-06
  3.04903462828421928e-09 -7.76006398244742030e-12 -2.92536803114504384e-15
  4.88930773862372550e-18  1.43270150965196388e-21  2.29581531975856998e-24
  1.67780404319247642e-26 -8.29135435734197345e-29 -4.42222552452041814e-31
B0531+21   24-Apr-15   10000.00   57136.04166666660            56.778836  0.766 -7.643
    203036322.223397   29.668855443614 gmrt  300   12   327.000                
  9.92566421638942033e-09 -2.88135404501782932e-01  4.23304260192713412e-06
 -4.63610183690428449e-09 -6.75183122761030880e-12  4.44495452465239766e-15
  4.42190791671014228e-18 -2.46375879389293303e-21 -7.57772006775636186e-24
  8.27470480423924290e-27  1.09929818971468915e-28  6.04741212718920224e-32
B0531+21   24-Apr-15   60000.00   57136.24999999990            56.778846  0.759 -7.986
    203570275.395193   29.668855443614 gmrt  300   12   327.000                
  2.01095742902640323e-09 -2.87346338713672489e-01 -1.99105177699165267e-06
 -7.14889775406707719e-09  3.18227949491364275e-12  6.82194586614731565e-15
 -2.04669276690873674e-18 -1.72440017672736416e-21  2.31705409022824413e-24
 -3.44143719089242102e-26 -4.26564882425252075e-29  3.15524636958313752e-31
B0531+21   24-Apr-15  110000.00   57136.45833333320            56.778856  0.772 -7.982
    204104228.257280   29.668855443614 gmrt  300   12   327.000                
  7.59363968434083672e-10 -2.89894155638930895e-01 -5.24434642831235207e-06
  9.89536482729701514e-10  8.37734908704357676e-12 -9.60254718648671322e-16
 -5.48352835156672730e-18  1.34934399744117993e-21  8.06737809226524161e-24
 -2.33796564213661864e-26 -9.67807862887177957e-29  2.30505074717462069e-31
B0531+21   24-Apr-15  160000.00   57136.66666666660            56.778866  0.781 -7.663
    204638180.303779   29.668855443614 gmrt  300   12   327.000                
  5.37019037213847471e-09 -2.91979902850525497e-01 -6.77779645909406185e-07
  7.65849139802337512e-09  1.09265133639532105e-12 -7.26981359151778321e-15
 -3.94970965964283684e-19 -1.54304792743772481e-21 -1.31704765686859455e-23
  1.75727575379775390e-25  2.13965874664707012e-28 -2.32293253728493037e-30
B0531+21   24-Apr-15  210000.00   57136.87499999990            56.778876  0.770 -7.986
    205172132.244780   29.668855443614 gmrt  300   12   327.000                
  5.32714268754698396e-09 -2.90490415496468257e-01  4.91163161102472247e-06
  2.92646264873299325e-09 -7.81732586286340109e-12 -2.81624626810433593e-15
  5.08771166599714073e-18  2.18295000045903930e-21 -6.61280655138404188e-24
 -1.45084893608328679e-26  7.96620817342761093e-29 -2.03205948015070885e-32
B0531+21   25-Apr-15   10000.00   57137.04166666660            56.778884  0.755 -7.645
    205599294.341748   29.668855443614 gmrt  300   12   327.000                
  1.47401977048941069e-08 -2.88080923942416967e-01  4.19038181746011353e-06
 -4.74160965941554878e-09 -6.66340625928698497e-12  4.53081245137228459e-15
  4.36670661778776530e-18 -1.25245989260688107e-21 -7.88116424846201024e-24
 -3.86929671810128830e-26  1.15645607800512961e-28  7.22654991681235851e-31
B0531+21   25-Apr-15   60000.00   57137.24999999990            56.778894  0.749 -7.980
    206133247.524110   29.668855443614 gmrt  300   12   327.000                
  3.24236551989068864e-09 -2.87333351819111293e-01 -2.06251210054094023e-06
 -7.09787981255734765e-09  3.31632524793914529e-12  6.77423827284714546e-15
 -2.11741051536011548e-18 -1.98830725349236839e-21  1.26052976709400959e-24
 -1.78953651274912594e-26 -1.86984679588598471e-29  2.88655899649931764e-32
B0531+21   25-Apr-15  110000.00   57137.45833333320            56.778904  0.761 -7.979
    206667200.385951   29.668855443614 gmrt  300   12   327.000                
 -2.18046220818991733e-09 -2.89898855798979393e-01 -5.21940526215238396e-06
  1.12110202384826226e-09  8.35663798253778457e-12 -1.09881709297930331e-15
 -5.36882267164396349e-18  2.49026397637126412e-21  3.22256593461582014e-24
 -6.62977626548858788e-26 -1.50095460188542009e-29  8.69949566902111170e-31
B0531+21   25-Apr-15  160000.00   57137.66666666660            56.778914  0.770 -7.664
    207201152.436389   29.668855443614 gmrt  300   12   327.000                
  8.69411089022277371e-09 -2.91940913157285931e-01 -5.74931962584748557e-07
  7.67453738847946420e-09  9.49712700185898890e-13 -7.29396700383246478e-15
 -4.31224649509832089e-19 -5.59203351073046662e-22 -7.62040167406785191e-24
  1.30688943533737885e-25  1.25957382877912365e-28 -1.60009149453986267e-30
B0531+21   25-Apr-15  210000.00   57137.87499999990            56.778924  0.759 -7.980
    207735104.397637   29.668855443614 gmrt  300   12   327.000                
  5.95637338197507315e-09 -2.90400267076110830e-01  4.95776384484400472e-06
  2.80299590679423064e-09 -7.87148620569687956e-12 -2.69227883009450460e-15
  5.13143060443226013e-18  1.56503005983932299e-21 -6.10228660803107499e-24
  6.64973880478815481e-27  5.80157715793016541e-29 -2.90701710720813609e-31
B0531+21   26-Apr-15   10000.00   57138.04166666660            56.778932  0.744 -7.644
    208162266.517111   29.668855443614 gmrt  300   12   327.000                
  1.16362926375642003e-08 -2.87990894550878729e-01  4.14611664918643930e-06
 -4.84575816061389757e-09 -6.57446274207534620e-12  4.63112221220634909e-15
  4.45812611829814199e-18 -1.66513574456696217e-21 -1.46672264621182750e-23
 -1.33251172290440175e-26  2.25634542846652235e-28  2.04961457476663454e-31
B0531+21   26-Apr-15   60000.00   57138.24999999990            56.778942  0.738 -7.975
    208696219.720607   29.668855443614 gmrt  300   12   327.000                
  4.85994333889429244e-09 -2.87285255883226343e-01 -2.13372045394443155e-06
 -7.04475754724482767e-09  3.44912931455661806e-12  6.72491187696533129e-15
 -2.16138630250831065e-18 -2.13887739603287898e-21 -7.08535829778535697e-25
 -8.36462185634807135e-27  1.48233070353243689e-29 -1.68578855683392785e-31
B0531+21   26-Apr-15  110000.00   57138.45833333320            56.778952  0.750 -7.974
    209230172.592802   29.668855443614 gmrt  300   12   327.000                
 -4.80226902173233952e-09 -2.89867900086669961e-01 -5.19327306325489690e-06
  1.25226872984670812e-09  8.33475325015098395e-12 -1.22341291221472163e-15
 -5.39672373641590487e-18  2.50994891871303933e-21  5.08924629680804437e-24
 -6.47619962401914771e-26 -4.46560296957247885e-29  8.28872609889761826e-31
B0531+21   26-Apr-15  160000.00   57138.66666666660            56.778962  0.759 -7.662
    209764124.657958   29.668855443614 gmrt  300   12   327.000                
  9.42488862581413069e-09 -2.91865870434593500e-01 -4.72248819495290036e-07
  7.68834782864815390e-09  8.04869066714064508e-13 -7.31939249644454823e-15
 -3.06096372957433947e-19  4.63086320880598400e-22 -8.80365946048573050e-24
  9.30183875738488349e-26  1.38557654612450010e-28 -1.08060151255641490e-30
B0531+21   26-Apr-15  210000.00   57138.87499999990            56.778972  0.748 -7.977
    210298076.650195   29.668855443614 gmrt  300   12   327.000                
  5.05713414133496459e-09 -2.90274723419764402e-01  5.00209062427883119e-06
  2.67874833289649439e-09 -7.92169621936190575e-12 -2.58066261988221629e-15
  5.01572099994716786e-18  2.28480182040267350e-21  8.21677719740290559e-25
 -2.69700953407865815e-26 -5.60262083929257603e-29  2.23913759920053916e-31
B0531+21   27-Apr-15   10000.00   57139.04166666660            56.778980  0.732 -7.645
    210725238.800562   29.668855443614 gmrt  300   12   327.000                
  9.89749406648458667e-09 -2.87866341004130888e-01  4.10029167638979718e-06
 -4.94851112812292885e-09 -6.48087045929890422e-12  4.73360804998735808e-15
  4.23208028842576830e-18 -2.00900670629357137e-21 -6.79786256703316766e-24
 -3.78190667949410866e-27  9.83003682181106794e-29  1.04028043606001260e-31
B0531+21   27-Apr-15   60000.00   57139.24999999990            56.778990  0.726 -7.998
    211259192.035462   29.668855443614 gmrt  300   12   327.000                
  4.74359389805840915e-09 -2.87203038014954004e-01 -2.20461660770500906e-06
 -6.98960093870237405e-09  3.58116461048528115e-12  6.68146441661197997e-15
 -2.24424825018334189e-18 -2.72756663703448380e-21 -5.79447715216076974e-25
  8.18076467525112920e-27  1.18508267150469967e-29 -3.07210220091288452e-31
B0531+21   27-Apr-15  110000.00   57139.45833333320            56.779000  0.739 -7.989
    211793144.928319   29.668855443614 gmrt  300   12   327.000                
 -2.08684624262780462e-09 -2.89802247643218380e-01 -5.16591588454965109e-06
  1.38308174200921513e-09  8.31025155206476856e-12 -1.34696878384449400e-15
 -5.41183279827147554e-18  2.32659544180942624e-21  6.71150435874925852e-24
 -5.15842493274952221e-26 -7.39050574872428201e-29  5.81238036847338979e-31
B0531+21   27-Apr-15  160000.00   57139.66666666660            56.779010  0.747 -7.664
    212327097.018683   29.668855443614 gmrt  300   12   327.000                
  1.07294647678208665e-08 -2.91755725020678869e-01 -3.69732241779940783e-07
  7.69985859053772783e-09  6.60073436684357001e-13 -7.33535466366390423e-15
 -2.09100665962504601e-19  7.95984490174727428e-22 -9.00463709982506071e-24
  8.43209967074810437e-26  1.40527014051060439e-28 -1.01115671318324309e-30
B0531+21   27-Apr-15  210000.00   57139.87499999990            56.779020  0.736 -7.980
    212861049.052368   29.668855443614 gmrt  300   12   327.000                
  2.34262910928960465e-09 -2.90114729627305945e-01  5.04464318910467191e-06
  2.55364990309219814e-09 -7.97153353419926954e-12 -2.44871224603451130e-15
  5.13547008933317593e-18  8.58987470223745814e-22 -4.02465752946341430e-24
  3.73472258064334000e-26  3.45301655770987006e-29 -8.45678362776976208e-31
B0531+21   28-Apr-15   10000.00   57140.04166666660            56.779028  0.721 -7.645
    213288211.241791   29.668855443614 gmrt  300   12   327.000                
  1.18303462196799058e-08 -2.87708192915067329e-01  4.05296429445888715e-06
 -5.04979765659661789e-09 -6.38761548284888097e-12  4.83466115709568487e-15
  4.24973688216309132e-18 -2.15846985737245080e-21 -9.56286237038945686e-24
 -8.04553508938088917e-27  1.32925841352416293e-28  2.60164959488018111e-31
B0531+21   28-Apr-15   60000.00   57140.24999999990            56.779038  0.715 -7.994
    213822164.518087   29.668855443614 gmrt  300   12   327.000                
  1.30967092189120170e-09 -2.87087597682740503e-01 -2.27515181272121292e-06
 -6.93237353524906475e-09  3.71231626102863627e-12  6.64566725889164833e-15
 -2.33027523493723949e-18 -4.58885550187731524e-21 -7.15730836141045452e-25
  8.56489286265819814e-26  1.73478239621719902e-29 -1.44213410125618051e-30
B0531+21   28-Apr-15  110000.00   57140.45833333320            56.779048  0.727 -7.989
    214356117.441650   29.668855443614 gmrt  300   12   327.000                
 -3.38623808473473200e-09 -2.89702776074974078e-01 -5.13731716603365319e-06
  1.51353782896670498e-09  8.28342870962470488e-12 -1.48076384366439767e-15
 -5.40262592293488131e-18  3.19435994514481519e-21  6.07263235416621704e-24
 -8.50900725662199884e-26 -5.22083035391700576e-29  1.09145693377214807e-30
B0531+21   28-Apr-15  160000.00   57140.66666666660            56.779058  0.736 -7.663
    214890069.567452   29.668855443614 gmrt  300   12   327.000                
  9.51995630691629485e-09 -2.91611351885294967e-01 -2.67388299067816619e-07
  7.70899563331630059e-09  5.15549768688436666e-13 -7.32895240389841300e-15
 -1.60159738778913225e-19 -4.08885341509332711e-22 -7.32013091338156466e-24
  1.24747520746313993e-25  1.18374891711757073e-28 -1.49026067862716922e-30
B0531+21   28-Apr-15  210000.00   57140.87499999990            56.779068  0.724 -7.971
    215424021.652779   29.668855443614 gmrt  300   12   327.000                
  4.21138802124540121e-09 -2.89921160793080557e-01  5.08542570593800599e-06
  2.42788098875221600e-09 -8.01842834460769769e-12 -2.33860715462108296e-15
  5.16150711915775355e-18  1.91619823201126387e-21 -3.35603127573504636e-24
 -1.32346999421525014e-26  1.68269046270341899e-29 -3.08427030329568981e-32
B0531+21   29-Apr-15    3000.00   57141.02083333330            56.779076  0.710 -7.647
    215797788.578756   29.668855443614 gmrt  300   12   327.000                
  1.54322708145096900e-08 -2.87770767464419708e-01  4.43236748064796146e-06
 -4.35289291079215591e-09 -6.97213862309861291e-12  4.21879949167743692e-15
  4.32068391778911168e-18 -5.70054832866511748e-21  3.33909500401742895e-24
  1.25774602236875334e-25 -6.68697957330240888e-29 -1.50520800409491679e-30
B0531+21   29-Apr-15   53000.00   57141.22916666660            56.779086  0.703 -7.995
    216331741.883201   29.668855443614 gmrt  300   12   327.000                
  4.06782735206581822e-09 -2.86818000138466922e-01 -1.70775900110673824e-06
 -7.27348719802544110e-09  2.82430885530607389e-12  6.93143524158039501e-15
 -1.71317636786317947e-18 -8.37771642053960984e-22 -2.90647859020882109e-24
 -7.50554787576744382e-26  4.63440714520754628e-29  9.51360428390738084e-31
B0531+21   29-Apr-15  103000.00   57141.43749999990            56.779096  0.714 -7.977
    216865694.923468   29.668855443614 gmrt  300   12   327.000                
 -8.28543171123977454e-09 -2.89260316669039341e-01 -5.21043023407124426e-06
  6.41857898287366948e-10  8.41720731204125716e-12 -6.29306485221495681e-16
 -5.45558695147122448e-18  1.10932212542507443e-21  5.17163013618155029e-24
 -1.29018253740238619e-26 -4.37612664732416169e-29 -4.33413349861357886e-35
B0531+21   29-Apr-15  153000.00   57141.64583333330            56.779106  0.724 -7.663
    217399647.154866   29.668855443614 gmrt  300   12   327.000                
  1.57826478174606644e-08 -2.91402893160604970e-01 -8.55681232734348255e-07
  7.60503425433329592e-09  1.47242855720084572e-12 -7.22722110081365926e-15
 -8.72437304039679471e-19 -7.17232488880419991e-22 -1.84187050347934753e-24
  1.38357709623760005e-25  2.12746912233279726e-29 -1.74045676729949327e-30
B0531+21   29-Apr-15  203000.00   57141.85416666660            56.779116  0.714 -7.988
    217933599.254522   29.668855443614 gmrt  300   12   327.000                
  1.76297867434906845e-10 -2.89995230347255772e-01  4.87445668919515511e-06
  3.24625642380015013e-09 -7.66495269845878027e-12 -3.11166343505260670e-15
  4.99182138337417148e-18  1.64077696712725465e-21 -5.69543876159540950e-24
 -3.22806686079763230e-28  5.20215849608238232e-29 -5.97417501282656781e-32
B0531+21   30-Apr-15    3000.00   57142.02083333330            56.779124  0.698 -7.646
    218360761.472865   29.668855443614 gmrt  300   12   327.000                
  1.09875933510703526e-08 -2.87545227837713524e-01  4.39147171409205797e-06
 -4.46195141990936954e-09 -6.88923960789010307e-12  4.31514553625503583e-15
  4.27878478078128323e-18 -5.10573702900734118e-21  2.92695963739641019e-24
  1.04975390326763400e-25 -6.23172372849687667e-29 -1.27527280871153955e-30
B0531+21   30-Apr-15   53000.00   57142.22916666660            56.779134  0.691 -7.980
    218894714.839224   29.668855443614 gmrt  300   12   327.000                
  3.34219760805202874e-09 -2.86634240456462741e-01 -1.78225302850860341e-06
 -7.22810320699839557e-09  2.96014714524940646e-12  6.90259554594398626e-15
 -1.71460694979389964e-18 -2.18642438321414627e-21 -7.27755351191955404e-24
 -1.98570292648163576e-26  1.23212878675238424e-28  1.45085861276071967e-31
B0531+21   30-Apr-15  103000.00   57142.43749999990            56.779145  0.703 -7.977
    219428667.930084   29.668855443614 gmrt  300   12   327.000                
 -7.65950725761799234e-09 -2.89097126969932172e-01 -5.19109921086607471e-06
  7.74061592095632369e-10  8.40468265550532642e-12 -7.53621980711381102e-16
 -5.52315404947786840e-18  9.61308094585632217e-22  8.57870203173843229e-24
 -5.23025953625639982e-27 -9.82948316441683931e-29 -1.00518245867333675e-31
B0531+21   30-Apr-15  153000.00   57142.64583333330            56.779155  0.712 -7.666
    219962620.215352   29.668855443614 gmrt  300   12   327.000                
  1.59032863309768391e-08 -2.91198561770846687e-01 -7.54903715704550246e-07
  7.62702261411164334e-09  1.32885383403838700e-12 -7.24523551729376236e-15
 -7.50515751542091614e-19 -1.12496087872961768e-21 -3.40771837648447106e-24
  1.58453182499376978e-25  5.04773428432721158e-29 -2.06828693146714187e-30
B0531+21   30-Apr-15  203000.00   57142.85416666660            56.779165  0.702 -7.985
    220496572.384826   29.668855443614 gmrt  300   12   327.000                
  3.31611891396364376e-09 -2.89739497282770930e-01  4.92292013168074702e-06
  3.12532187845768268e-09 -7.72523791203415102e-12 -3.02154879758206301e-15
  5.07378157538234988e-18  3.70028779091524053e-21 -7.82912662743565047e-24
 -7.79101611120438990e-26  8.85895180003195202e-29  9.89689726704832365e-31
B0531+21    1-May-15    3000.00   57143.02083333330            56.779173  0.686 -7.646
    220923734.665561   29.668855443614 gmrt  300   12   327.000                
  1.62068970186430672e-08 -2.87288435617977234e-01  4.34904514519998698e-06
 -4.56969791264438149e-09 -6.80305963639043665e-12  4.41782362204727845e-15
  4.10233750817666376e-18 -5.24792315009307250e-21  8.09183810990804926e-24
  1.11059887165124278e-25 -1.37521111830994165e-28 -1.37727822343020810e-30
B0531+21    1-May-15   53000.00   57143.22916666660            56.779183  0.679 -7.985
    221457688.103121   29.668855443614 gmrt  300   12   327.000                
  5.37598963083712577e-09 -2.86419632707726801e-01 -1.85644386737010990e-06
 -7.18052586261022217e-09  3.09546293697114795e-12  6.85469451166806151e-15
 -1.75313071613206774e-18 -1.59531314336733680e-21 -9.86396825943123138e-24
 -5.25347348368839425e-26  1.70724964715728975e-28  7.22264533727713564e-31
B0531+21    1-May-15  103000.00   57143.43749999990            56.779193  0.691 -7.979
    221991641.253901   29.668855443614 gmrt  300   12   327.000                
 -8.07695518106549075e-09 -2.88902492101702268e-01 -5.17044054679950846e-06
  9.06105536798263613e-10  8.38783132850923193e-12 -8.88797060030308532e-16
 -5.40868231038584722e-18  1.69541934470971058e-21  4.19647408439403632e-24
 -2.93384447582880127e-26 -3.18103110818275070e-29  2.21739599769907432e-31
B0531+21    1-May-15  153000.00   57143.64583333330            56.779204  0.700 -7.666
    222525593.602567   29.668855443614 gmrt  300   12   327.000                
  1.38795066967349684e-08 -2.90962291166437070e-01 -6.54114846619937248e-07
  7.64680007803014056e-09  1.18535789271551361e-12 -7.27583839359334485e-15
 -6.75015717133861233e-19  8.92617488556917644e-23 -2.87093146095731873e-24
  1.07006414053402126e-25  4.42042169009938355e-29 -1.28836519812820363e-30
B0531+21    1-May-15  203000.00   57143.85416666660            56.779214  0.689 -7.989
    223059545.851384   29.668855443614 gmrt  300   12   327.000                
  2.51579939229039850e-09 -2.89452380389413455e-01  4.96972262395947874e-06
  3.00322398554724839e-09 -7.78306087606303196e-12 -2.88498248872894011e-15
  5.13641280845135155e-18  2.07949333223134958e-21 -9.16188579019084250e-24
 -2.17248687303864915e-26  1.12161892134626810e-28  2.46970488098342503e-31
B0531+21    2-May-15    3000.00   57144.02083333330            56.779222  0.674 -7.645
    223486708.201942   29.668855443614 gmrt  300   12   327.000                
  1.44191615007800331e-08 -2.87001081342689424e-01  4.30514159454126462e-06
 -4.67615979972085182e-09 -6.71721872588536114e-12  4.52723375109152802e-15
  4.16607394826644108e-18 -5.74098564854634230e-21  3.12917247934820241e-24
  1.22786008136273854e-25 -6.22964033602671221e-29 -1.48556251279510124e-30
B0531+21    2-May-15   53000.00   57144.22916666660            56.779232  0.667 -7.989
    224020661.719787   29.668855443614 gmrt  300   12   327.000                
  9.31302749075817496e-10 -2.86174836738611105e-01 -1.93027500271152941e-06
 -7.13073633401565015e-09  3.23041324895279745e-12  6.79840389314917166e-15
 -1.89969849862111808e-18 -1.16012546586852665e-21 -5.85914463215648117e-24
 -5.77578935596690507e-26  9.07088799385347571e-29  6.70035236769938672e-31
B0531+21    2-May-15  103000.00   57144.43749999990            56.779242  0.679 -7.980
    224554614.939623   29.668855443614 gmrt  300   12   327.000                
 -6.92074691036598916e-09 -2.88677045902833718e-01 -5.14843881982686680e-06
  1.03789832394929429e-09  8.36925217161191320e-12 -1.02656293407712220e-15
 -5.34230662871411710e-18  2.66132653218315272e-21  1.22190418484007797e-24
 -6.14320193291137584e-26  2.07461715932405313e-29  6.49123024626194622e-31
B0531+21    2-May-15  153000.00   57144.64583333330            56.779253  0.688 -7.667
    225088567.361027   29.668855443614 gmrt  300   12   327.000                
  1.44865241979624621e-08 -2.90694706847417661e-01 -5.53302749485242495e-07
  7.66425051922003002e-09  1.04027330195957053e-12 -7.28362913637081202e-15
 -4.73816497794012464e-19 -8.46270236225704781e-22 -7.50865744761729748e-24
  1.49926104032505270e-25  1.13324409280119225e-28 -1.99042770945236105e-30
B0531+21    2-May-15  203000.00   57144.85416666660            56.779263  0.677 -7.981
    225622519.698522   29.668855443614 gmrt  300   12   327.000                
  3.95245383243061216e-10 -2.89134499031382275e-01  5.01488584250706117e-06
  2.88039524636141181e-09 -7.83776200360489295e-12 -2.77395694307360874e-15
  5.11243794275635288e-18  2.55321655681200146e-21 -6.55209207778946703e-24
 -4.19620640297858376e-26  6.87599824090971891e-29  5.48654213638316405e-31
B0531+21    3-May-15    3000.00   57145.02083333330            56.779271  0.661 -7.647
    226049682.126190   29.668855443614 gmrt  300   12   327.000                
  1.05215574819002321e-08 -2.86683765680332381e-01  4.25979811910890633e-06
 -4.78118195409760380e-09 -6.62706883423483831e-12  4.63078020435148361e-15
  3.98851162362693666e-18 -6.07287598037801653e-21  8.45697614198118155e-24
  1.34067832493668434e-25 -1.45165002545073498e-28 -1.64691467026812807e-30
B0531+21    3-May-15   53000.00   57145.22916666660            56.779281  0.655 -7.996
    226583635.733229   29.668855443614 gmrt  300   12   327.000                
  1.35112766718493711e-09 -2.85900415831221610e-01 -2.00368777084214755e-06
 -7.07897718429758104e-09  3.36505807873753270e-12  6.76586588617745495e-15
 -2.07134716374652058e-18 -2.44449006551050104e-21 -2.31340172496812102e-24
 -1.44442137935014510e-26  3.86490280047933774e-29  1.49042508165514255e-31
B0531+21    3-May-15  103000.00   57145.43749999990            56.779292  0.667 -7.992
    227117589.031091   29.668855443614 gmrt  300   12   327.000                
 -6.00944994416337860e-09 -2.88421320915369317e-01 -5.12505173437266644e-06
  1.16924601078097687e-09  8.34799390290866520e-12 -1.13707207853125378e-15
 -5.26089857738497703e-18  1.47876670539384708e-21 -2.35799401500926877e-24
 -1.40627794848088834e-26  8.64294182795771613e-29 -3.97751499299245457e-32
B0531+21    3-May-15  153000.00   57145.64583333330            56.779302  0.675 -7.666
    227651541.534413   29.668855443614 gmrt  300   12   327.000                
  1.21331890453169683e-08 -2.90396327759836315e-01 -4.52465054221236727e-07
  7.67948764911544407e-09  8.97268014145633860e-13 -7.30333617063746111e-15
 -5.25960275101563331e-19 -7.99524145669316469e-23 -7.89048432738908659e-25
  1.08386468998318032e-25  7.74112123230314110e-31 -1.23221210211227964e-30
B0531+21    3-May-15  203000.00   57145.85416666660            56.779312  0.664 -7.989
    228185493.969772   29.668855443614 gmrt  300   12   327.000                
  2.22187656489887726e-09 -2.88786359225868705e-01  5.05844920801949904e-06
  2.75669748291156920e-09 -7.89074267615375488e-12 -2.65656158681623473e-15
  5.12574151272794038e-18  2.51425711686335923e-21 -5.22835829635339594e-24
 -3.89582608152947520e-26  4.54376173041359783e-29  4.46562789102022480e-31
B0531+21    4-May-15    3000.00   57146.02083333330            56.779321  0.649 -7.647
    228612656.481714   29.668855443614 gmrt  300   12   327.000                
  1.56075057163687126e-08 -2.86336971879881608e-01  4.21308756865292111e-06
 -4.88484208466460550e-09 -6.53628745805517281e-12  4.74805225544321351e-15
  3.94614886319694369e-18 -7.82873861495523256e-21  8.21891261045770955e-24
  2.04607500139488009e-25 -1.49129098969525662e-28 -2.70703309990845530e-30
B0531+21    4-May-15   53000.00   57146.22916666660            56.779331  0.642 -7.991
    229146610.186718   29.668855443614 gmrt  300   12   327.000                
  1.66227109921673671e-09 -2.85596811687826468e-01 -2.07660563310114902e-06
 -7.02499705902601445e-09  3.49852017561659531e-12  6.70671559364709038e-15
 -2.24672327065128415e-18 -1.68066421108272606e-21  2.18290170771553948e-24
 -4.60780395705169883e-26 -3.61286255908310439e-29  6.43358975877330407e-31
B0531+21    4-May-15  103000.00   57146.43749999990            56.779341  0.654 -7.990
    229680563.571451   29.668855443614 gmrt  300   12   327.000                
 -7.82448734343432349e-09 -2.88135723180122261e-01 -5.10024305488947735e-06
  1.30037536856433071e-09  8.32672654691820537e-12 -1.26910119272567381e-15
 -5.49026146698009702e-18  2.14630846402586369e-21  9.96682725422965915e-24
 -3.77269385696497734e-26 -1.28365207897023655e-28  2.80554567657340696e-31
B0531+21    4-May-15  153000.00   57146.64583333330            56.779352  0.663 -7.667
    230214516.165755   29.668855443614 gmrt  300   12   327.000                
  1.51398904441494947e-08 -2.90067540948653502e-01 -3.51569035868431393e-07
  7.69246246680369736e-09  7.53228942056969403e-13 -7.31772574911440410e-15
 -4.62109703143276629e-19  9.19239721862068113e-23 -5.09939626186572975e-25
  1.03196812385106482e-25  7.08274380305660289e-30 -1.18122454455376209e-30
B0531+21    4-May-15  203000.00   57146.85416666660            56.779362  0.651 -7.985
    230748468.708046   29.668855443614 gmrt  300   12   327.000                
 -1.47541302562652615e-09 -2.88408330912338584e-01  5.10045032321771036e-06
  2.63221508326357890e-09 -7.94185244749464797e-12 -2.54116435891771643e-15
  5.22124523113914104e-18  2.57297836352717424e-21 -8.45462972950400194e-24
 -3.44673126760807875e-26  9.98209180424638252e-29  2.59662172326923124e-31
B0531+21    5-May-15    3000.00   57147.02083333330            56.779370  0.636 -7.647
    231175631.311344   29.668855443614 gmrt  300   12   327.000                
  1.50908226551139447e-08 -2.85961043706986384e-01  4.16507654127477291e-06
 -4.98691240689199901e-09 -6.44399912859003162e-12  4.83894135097868081e-15
  3.95289300774514607e-18 -7.58893869831480908e-21  5.18490554739338903e-24
  2.03118751092809268e-25 -9.81514959935954982e-29 -2.79363409702324494e-30
B0531+21    5-May-15   53000.00   57147.22916666660            56.779381  0.630 -7.989
    231709585.122986   29.668855443614 gmrt  300   12   327.000                
  5.44271131412345395e-09 -2.85264321980111590e-01 -2.14894547356096406e-06
 -6.96896533141157819e-09  3.62832751656306707e-12  6.65978199820871298e-15
 -2.11008168511306370e-18 -2.47439015236556645e-21 -8.18723344760551538e-24
 -6.31478480582923940e-27  1.35631154142259819e-28 -3.59085338991097698e-32
B0531+21    5-May-15  103000.00   57147.43749999990            56.779391  0.642 -7.975
    232243538.603350   29.668855443614 gmrt  300   12   327.000                
 -8.88153783112596070e-09 -2.87820511360672104e-01 -5.07395242461257702e-06
  1.43110601200426136e-09  8.30061796636360944e-12 -1.38972706610095019e-15
 -5.38453729690409251e-18  1.56367016129189840e-21  4.50106998262793473e-24
 -7.37633025107976396e-27 -2.24986950559267690e-29 -1.98955637656329401e-31
B0531+21    5-May-15  153000.00   57147.64583333330            56.779401  0.650 -7.668
    232777491.297626   29.668855443614 gmrt  300   12   327.000                
  1.59920447784771472e-08 -2.89708584295908400e-01 -2.50586470531831846e-07
  7.70315795319874328e-09  6.08688873246797721e-13 -7.32107142858110764e-15
 -4.02861466838809172e-19 -8.63096348306961046e-22  8.57742011873344701e-25
  1.52508684812717956e-25 -1.27227044907339749e-29 -2.03672772105016019e-30
B0531+21    5-May-15  203000.00   57147.85416666660            56.779412  0.638 -7.983
    233311443.955849   29.668855443614 gmrt  300   12   327.000                
  2.11062445679380153e-09 -2.88000632487634800e-01  5.14093181960326163e-06
  2.50688310294458192e-09 -7.98988854517979559e-12 -2.40912505234274439e-15
  5.21343206894461050e-18  1.59587387030483041e-21 -6.47887453176835130e-24
 -4.71724545356832952e-27  6.62819684824263828e-29 -7.96946440545688542e-32
B0531+21    6-May-15       0.00   57148.00000000000            56.779419  0.624 -7.640
    233685211.288342   29.668855443614 gmrt  300   12   327.000                
 -8.52632583714520815e-10 -2.85816151970236410e-01  4.53812997817284461e-06
 -4.28398125794535548e-09 -7.02475720606322344e-12  4.18359035068245673e-15
  4.46789292812057385e-18 -8.27174724263719129e-21 -7.21051030063697151e-25
  2.26410075699010123e-25 -1.45977668057948937e-29 -2.97068695215588283e-30
B0531+21    6-May-15   50000.00   57148.20833333330            56.779429  0.616 -7.992
    234219165.190009   29.668855443614 gmrt  300   12   327.000                
  4.10113358461565262e-09 -2.84788890531156080e-01 -1.58016382528045524e-06
 -7.30117032263569243e-09  2.73756891390264931e-12  6.93801530748163644e-15
 -1.65086494734117007e-18  7.16035376226371133e-22 -1.93724954098602301e-24
 -1.33429392891780992e-25  1.14730055812214313e-29  1.77848836281323065e-30
B0531+21    6-May-15  100000.00   57148.41666666660            56.779440  0.628 -7.982
    234753118.849142   29.668855443614 gmrt  300   12   327.000                
 -1.11659597314280566e-08 -2.87169705376794482e-01 -5.14164112814743470e-06
  5.58152336413761414e-10  8.42394175958607894e-12 -5.30024652019564808e-16
 -5.43241368909167617e-18 -7.60471978021172337e-22  4.33370720262213969e-24
  6.41651353713202982e-26 -3.55069104047482697e-29 -1.19563410580800753e-30
B0531+21    6-May-15  150000.00   57148.62500000000            56.779450  0.637 -7.668
    235287071.711897   29.668855443614 gmrt  300   12   327.000                
  1.74130888872509981e-08 -2.89289830571690054e-01 -8.39066888722450279e-07
  7.58984819683619965e-09  1.56324001574772426e-12 -7.22182890930834594e-15
 -1.01149865391821874e-18  4.82333818892736199e-23  1.50603030463173951e-24
  1.09333747392301884e-25 -2.48390728015433323e-29 -1.34803939458288577e-30
B0531+21    6-May-15  200000.00   57148.83333333330            56.779461  0.627 -7.991
    235821024.447278   29.668855443614 gmrt  300   12   327.000                
  5.72923410617278707e-09 -2.87866840530026813e-01  4.92295351377538619e-06
  3.32195555026095501e-09 -7.62566805291780110e-12 -3.21394472434401389e-15
  4.91278736152860033e-18  3.99823556406938408e-21 -2.65240076083886571e-24
 -8.06101672646012863e-26 -5.19575769502998819e-30  9.64993737147862129e-31
B0531+21    7-May-15       0.00   57149.00000000000            56.779469  0.611 -7.639
    236248187.180341   29.668855443614 gmrt  300   12   327.000                
  3.70641315575404246e-10 -2.85379628245307382e-01  4.49713522807119650e-06
 -4.39391369306357701e-09 -6.94265449396493214e-12  4.30951429820823745e-15
  4.37305257075838068e-18 -1.02372038830268529e-20  1.39251487858522799e-24
  3.03812977600492801e-25 -5.28309336723497384e-29 -4.10119146576153886e-30
B0531+21    7-May-15   50000.00   57149.20833333330            56.779480  0.603 -7.999
    236782141.207180   29.668855443614 gmrt  300   12   327.000                
  2.79298215402230539e-09 -2.84394505336036107e-01 -1.65584484518268471e-06
 -7.25712833974346543e-09  2.87541957885111023e-12  6.91900277467842017e-15
 -1.81895270389730707e-18 -1.22613548580343137e-21  1.60108063035286999e-24
 -5.86271266579137834e-26 -4.43294276875417995e-29  7.21253698150956320e-31
B0531+21    7-May-15  100000.00   57149.41666666660            56.779490  0.615 -7.987
    237316094.979959   29.668855443614 gmrt  300   12   327.000                
 -9.53225389571158680e-09 -2.86796844593318945e-01 -5.12407918905212513e-06
  6.90640590819281707e-10  8.41262364637989963e-12 -6.71481927878602812e-16
 -5.46517870338602883e-18  4.31374393624987481e-22  6.35113801246658920e-24
  2.30503796306282040e-26 -7.29819238889490092e-29 -6.21425999058385884e-31
B0531+21    7-May-15  150000.00   57149.62500000000            56.779501  0.624 -7.665
    237850047.959343   29.668855443614 gmrt  300   12   327.000                
  1.30717145812784985e-08 -2.88876687455134673e-01 -7.39183737404625133e-07
  7.61339705436713156e-09  1.42005513061295231e-12 -7.25909985055204801e-15
 -9.01200909146918205e-19  1.29024743919680108e-21  5.89169720868484664e-25
  6.47525714672149863e-26 -9.60727743897846118e-30 -7.53828494755691257e-31
B0531+21    7-May-15  200000.00   57149.83333333330            56.779511  0.614 -7.995
    238384000.827145   29.668855443614 gmrt  300   12   327.000                
  3.62163163750544030e-09 -2.87402454501991589e-01  4.97165747859885854e-06
  3.20154249740483049e-09 -7.68819030621860041e-12 -3.09272329605811579e-15
  5.08088543589673510e-18  3.36948938682758694e-21 -8.58196296788057249e-24
 -5.76026701030664377e-26  9.09606834537279509e-29  6.33369962537522598e-31
B0531+21    8-May-15       0.00   57150.00000000000            56.779520  0.598 -7.641
    238811163.672694   29.668855443614 gmrt  300   12   327.000                
  4.75865600284888215e-10 -2.84914036730252895e-01  4.45491321350076998e-06
 -4.50251674053042691e-09 -6.86028278097894256e-12  4.42595962113786550e-15
  4.47823490362406090e-18 -1.11875094688291923e-20 -6.32928287526826751e-24
  3.32856269958691725e-25  8.04010211273694522e-29 -4.44227035313385909e-30
B0531+21    8-May-15   50000.00   57150.20833333330            56.779530  0.590 -8.000
    239345117.833362   29.668855443614 gmrt  300   12   327.000                
  2.68388199209693926e-09 -2.83971283427254695e-01 -1.73092630628122462e-06
 -7.21077878569335774e-09  3.01105652040156233e-12  6.86174614697603487e-15
 -1.83899542813158477e-18  3.13149739390902790e-22 -1.68497368561242400e-24
 -1.29247374244654043e-25  1.31221708915070180e-29  1.86360566877371392e-30
B0531+21    8-May-15  100000.00   57150.41666666660            56.779541  0.602 -7.989
    239879071.728540   29.668855443614 gmrt  300   12   327.000                
 -5.85472144578135889e-09 -2.86394370781551888e-01 -5.10488970930403133e-06
  8.22813899822992011e-10  8.39908599016576483e-12 -7.94167009687028696e-16
 -5.51899628167056243e-18  3.36551845520894058e-22  8.78857868294109414e-24
  2.40977121083857899e-26 -1.05976956671869337e-28 -5.82441382833508639e-31
B0531+21    8-May-15  150000.00   57150.62500000000            56.779551  0.611 -7.667
    240413024.833559   29.668855443614 gmrt  300   12   327.000                
  1.43407202571332881e-08 -2.88433246935281939e-01 -6.38963912238667311e-07
  7.63458681555298490e-09  1.27656054535568629e-12 -7.26992379793141868e-15
 -8.12190253139510251e-19  4.57843487397663299e-22  1.03596766864730169e-24
  9.75284018169223694e-26 -2.17135270093331446e-29 -1.22307101759559873e-30
B0531+21    8-May-15  200000.00   57150.83333333330            56.779562  0.600 -7.989
    240946977.842842   29.668855443614 gmrt  300   12   327.000                
  2.59181847869850213e-09 -2.86908135176002999e-01  5.01900765552393568e-06
  3.08029821065146997e-09 -7.74662899762522576e-12 -2.99565344654405899e-15
  5.03989431040554524e-18  4.99976278790862799e-21 -4.64871724719925020e-24
 -1.24712816637162155e-25  2.34564644890140632e-29  1.62596708293995964e-30
