B0531+21   17-Apr-15  113000.00   57129.47916666660            56.778524  0.834 -7.671
    186216815.424646   29.668855443614  aro  300   12   327.000                
  1.39771817242990526e-08 -2.87695413380940457e-01  3.06685088298629632e-06
 -3.32623748983836278e-09 -5.04513040084075049e-12  3.24366808144164297e-15
  3.29563336558681950e-18 -6.14783855507014426e-21 -4.00854324381822975e-24
  1.66053857313032541e-25  4.30759103608211653e-29 -2.11637889370712565e-30
B0531+21   17-Apr-15  163000.00   57129.68749999990            56.778534  0.829 -7.993
    186750768.668988   29.668855443614  aro  300   12   327.000                
  2.14274324247089927e-09 -2.87131153184804144e-01 -1.49173642045946204e-06
 -5.30497479778002716e-09  2.23394397345056424e-12  5.06676511594479049e-15
 -1.48136771028714603e-18 -1.85100344227082391e-21  3.53260271421296420e-24
  6.42973177302298163e-27 -5.92881756436970848e-29 -3.28555998556267605e-31
B0531+21   17-Apr-15  213000.00   57129.89583333320            56.778544  0.837 -7.987
    187284721.678984   29.668855443614  aro  300   12   327.000                
 -1.63715552271113539e-09 -2.89042977482179997e-01 -3.96529128442155570e-06
  6.22349791427188190e-10  6.18488101031023600e-12 -6.09120205481815817e-16
 -3.97507043859674298e-18  1.25719279049045433e-21  2.45236268259741126e-24
 -2.64757737585124476e-26 -1.29394669868218413e-29  2.90926045087903930e-31
B0531+21   18-Apr-15   23000.00   57130.10416666660            56.778553  0.844 -7.665
    187818674.070096   29.668855443614  aro  300   12   327.000                
  1.06664162625597769e-08 -2.90664077210064709e-01 -6.64942244283374037e-07
  5.62828216446263158e-09  9.23179041081848118e-13 -5.34087128144140360e-15
 -3.82324108967755355e-19 -1.04601437772611648e-21 -8.92318245173410650e-24
  1.21428161003831833e-25  1.45455251177401622e-28 -1.55100294116618820e-30
B0531+21   18-Apr-15   73000.00   57130.31249999990            56.778563  0.836 -7.979
    188352626.355414   29.668855443614  aro  300   12   327.000                
  1.47422964136436187e-09 -2.89657592143647891e-01  3.49917072520698721e-06
  2.25801184779764270e-09 -5.71239193112798012e-12 -2.17731318710676161e-15
  3.67231890307813567e-18  1.97047416170080141e-21 -2.21855233483252023e-24
 -1.57193908117396592e-26  9.28280552992466266e-30 -2.36562658535740529e-32
B0531+21   18-Apr-15  113000.00   57130.47916666660            56.778571  0.825 -7.668
    188779788.568889   29.668855443614  aro  300   12   327.000                
  1.04454271238367188e-08 -2.87921229855073346e-01  3.04331843361946907e-06
 -3.40514631590235044e-09 -4.98355483922837942e-12  3.31524332091159583e-15
  3.47882347749464310e-18 -6.01434624659658569e-21 -1.47794863255138662e-23
  1.66703171549516922e-25  2.22132573784299480e-28 -2.22353970883472879e-30
B0531+21   18-Apr-15  163000.00   57130.68749999990            56.778581  0.820 -7.997
    189313741.741898   29.668855443614  aro  300   12   327.000                
  4.29372436888348708e-09 -2.87383237450910434e-01 -1.53802565340870708e-06
 -5.26921984580578368e-09  2.33167857711669460e-12  5.03909915509573570e-15
 -1.35959036586402655e-18 -2.24744210958419328e-21 -4.47341714095955634e-24
  1.90552529924092626e-26  6.51493242980805484e-29 -4.87107775414528628e-31
B0531+21   18-Apr-15  213000.00   57130.89583333320            56.778591  0.828 -7.980
    189847694.673750   29.668855443614  aro  300   12   327.000                
 -8.68838517485568318e-10 -2.89304622881102647e-01 -3.94140403938791145e-06
  7.19320523390584683e-10  6.17300743386527984e-12 -6.84735428353767488e-16
 -4.03138621759949752e-18 -2.25782556727665774e-22  4.81256958410275971e-24
  3.76092423745322035e-26 -4.19842553969225351e-29 -7.27058980444464631e-31
B0531+21   19-Apr-15   23000.00   57131.10416666660            56.778601  0.835 -7.665
    190381646.990826   29.668855443614  aro  300   12   327.000                
  5.19075510956709451e-09 -2.90889982521862656e-01 -5.82593340179081953e-07
  5.64188901151829185e-09  8.17482801739148416e-13 -5.35305107026129074e-15
 -3.36317825645044173e-19 -1.16391762424256708e-21 -8.12618524505551500e-24
  1.25417796877138014e-25  1.32061557500181079e-28 -1.57650415670051146e-30
B0531+21   19-Apr-15   73000.00   57131.31249999990            56.778611  0.827 -7.980
    190915599.215310   29.668855443614  aro  300   12   327.000                
  7.46898712457544313e-10 -2.89841416433105292e-01  3.54104037752839979e-06
  2.16769771335741341e-09 -5.75412105774196173e-12 -2.08138162406967465e-15
  3.70555170124562176e-18  8.04199147839083335e-22 -2.15877901517825786e-24
  3.61557694834373224e-26  2.74229071567125769e-30 -8.57495469756230547e-31
B0531+21   19-Apr-15  113000.00   57131.47916666660            56.778618  0.815 -7.670
    191342761.385764   29.668855443614  aro  300   12   327.000                
  9.24423006624431644e-09 -2.88101355357114397e-01  3.01836590568938663e-06
 -3.48304470017763481e-09 -4.91723390875443236e-12  3.37234910857289602e-15
  3.26551664033967210e-18 -4.13982707362553180e-21 -6.74404157185568416e-24
  7.93481244090507674e-26  9.32553988359858407e-29 -8.06480418549249390e-31
B0531+21   19-Apr-15  163000.00   57131.68749999990            56.778628  0.810 -7.983
    191876714.501055   29.668855443614  aro  300   12   327.000                
  6.14909989951696102e-09 -2.87590104619384668e-01 -1.58440852250900796e-06
 -5.23186624458671965e-09  2.43171589921076157e-12  5.00549886028636123e-15
 -1.52030097910688835e-18 -2.67307783871418934e-21 -1.08432023235880975e-24
  4.15688088817972446e-26  2.54560424959981615e-29 -8.51006773994374488e-31
B0531+21   19-Apr-15  213000.00   57131.89583333320            56.778638  0.819 -7.977
    192410667.368354   29.668855443614  aro  300   12   327.000                
 -7.43595104172039157e-10 -2.89520811852626514e-01 -3.91690593120203361e-06
  8.16301727901737073e-10  6.15804417129743524e-12 -8.07370904290396026e-16
 -3.96971199645513649e-18  2.37531309382819352e-21  3.05363276796741469e-24
 -6.30586930445617012e-26 -2.37879165672982130e-29  7.58045694201936500e-31
B0531+21   20-Apr-15   23000.00   57132.10416666660            56.778648  0.825 -7.663
    192944619.625065   29.668855443614  aro  300   12   327.000                
  5.08094457054495519e-09 -2.91070303799803753e-01 -5.00646494440495580e-07
  5.65377713037329268e-09  7.10203009574737626e-13 -5.36131390926771031e-15
 -1.55154131921864690e-19 -1.30100716210834532e-21 -1.34821446667816968e-23
  1.26532279537578219e-25  2.22309451605632639e-28 -1.54360070738069975e-30
B0531+21   20-Apr-15   73000.00   57132.31249999990            56.778658  0.817 -7.989
    193478571.802310   29.668855443614  aro  300   12   327.000                
  4.62175882108692079e-09 -2.89980320132193103e-01  3.58126393657020052e-06
  2.07675897600013111e-09 -5.79384759520088774e-12 -2.00155313549399750e-15
  3.71285189065017519e-18  1.72197140833233640e-21 -1.15256502817994111e-24
 -1.39726813267741972e-26 -1.71451119934554000e-29  4.09381787217082489e-32
B0531+21   20-Apr-15  113000.00   57132.47916666660            56.778666  0.805 -7.669
    193905733.940427   29.668855443614  aro  300   12   327.000                
  9.69771454896041865e-09 -2.88237364314000599e-01  2.99191983089008153e-06
 -3.56005645030190677e-09 -4.85201333490280065e-12  3.46146674261498004e-15
  3.33651057206591441e-18 -5.70873948471115805e-21 -1.14393969062314454e-23
  1.47360282297617828e-25  1.62038697276274782e-28 -1.90542968735451498e-30
B0531+21   20-Apr-15  163000.00   57132.68749999990            56.778676  0.800 -7.983
    194439687.011136   29.668855443614  aro  300   12   327.000                
  7.54152222973565297e-10 -2.87753374779531113e-01 -1.63093455675585146e-06
 -5.19297947021663727e-09  2.52938691417918858e-12  4.96218563555783537e-15
 -1.53315859171959259e-18 -1.85923290449232946e-21 -3.25312783304769480e-24
  2.42693029862674666e-27  5.95592803875592139e-29 -2.03278813748931692e-31
B0531+21   20-Apr-15  213000.00   57132.89583333320            56.778686  0.809 -7.979
    194973639.826980   29.668855443614  aro  300   12   327.000                
 -2.26981212319939314e-09 -2.89693206353969557e-01 -3.89188049611777436e-06
  9.12869214815534681e-10  6.14300998912177290e-12 -8.99481917017623808e-16
 -4.09926490894703461e-18  2.55259687099298394e-21  9.37398120778462011e-24
 -7.45931597934654800e-26 -1.21073308851363600e-28  1.00321041158126634e-30
B0531+21   21-Apr-15   23000.00   57133.10416666660            56.778696  0.815 -7.664
    195507592.036493   29.668855443614  aro  300   12   327.000                
  9.47856532912961901e-09 -2.91206750530470848e-01 -4.19192111599830264e-07
  5.66397759696069418e-09  6.04999881383187266e-13 -5.36473749243874233e-15
 -2.28780917366694193e-19 -1.84775592203823886e-21 -6.69794953320189577e-24
  1.47327459146349523e-25  1.06532999841267059e-28 -1.83220365528756394e-30
B0531+21   21-Apr-15   73000.00   57133.31249999990            56.778705  0.806 -7.986
    196041544.179575   29.668855443614  aro  300   12   327.000                
  3.61797049644688065e-09 -2.90076052359346026e-01  3.61979312509669812e-06
  1.98516242417742735e-09 -5.83229155878133612e-12 -1.90722806393423273e-15
  3.78988228067815268e-18  8.83372841265675897e-22 -4.25097368600346697e-24
  2.65494583341238111e-26  4.15607440942351512e-29 -6.78565723485414785e-31
B0531+21   21-Apr-15  113000.00   57133.47916666660            56.778713  0.795 -7.669
    196468706.295615   29.668855443614  aro  300   12   327.000                
  5.95768728078714281e-09 -2.88331022652298263e-01  2.96394698634225815e-06
 -3.63588182961000476e-09 -4.78364141086834101e-12  3.52184258770865448e-15
  3.25349362978756361e-18 -4.70218071778351593e-21 -1.05061386211179933e-23
  1.07123885409348223e-25  1.58026332416965476e-28 -1.32171729992436895e-30
B0531+21   21-Apr-15  163000.00   57133.68749999990            56.778723  0.790 -7.990
    197002659.334348   29.668855443614  aro  300   12   327.000                
  4.10309122475763124e-09 -2.87874817529426508e-01 -1.67761586957544719e-06
 -5.15253987759542893e-09  2.62813626062427548e-12  4.92091301687932697e-15
 -1.75833113006718190e-18 -1.81436442730864321e-21  4.98737519162566480e-24
  6.64787489212906596e-27 -8.57091232208793634e-29 -3.13512501205177944e-31
B0531+21   21-Apr-15  213000.00   57133.89583333320            56.778733  0.799 -7.980
    197536612.111303   29.668855443614  aro  300   12   327.000                
 -8.42334716788604304e-11 -2.89823577312526559e-01 -3.86633031609235116e-06
  1.00913808382213218e-09  6.12508156180815276e-12 -9.83489620374661206e-16
 -4.06575401799159967e-18  2.01767082844765103e-21  7.56584341368369289e-24
 -5.76559997734248210e-26 -8.47448779261991394e-29  8.30988538013225900e-31
B0531+21   22-Apr-15   23000.00   57134.10416666660            56.778743  0.805 -7.664
    198070564.286253   29.668855443614  aro  300   12   327.000                
  7.93912590306026510e-09 -2.91301100488672859e-01 -3.38227148147237152e-07
  5.67257448718777527e-09  4.97131863407747608e-13 -5.37688301336095073e-15
 -1.68071434785324713e-20 -1.80176327971527105e-21 -1.34053604801269835e-23
  1.56836920248035148e-25  2.16169907796322387e-28 -2.11336719200742456e-30
B0531+21   22-Apr-15   73000.00   57134.31249999990            56.778753  0.796 -7.982
    198604516.407712   29.668855443614  aro  300   12   327.000                
  5.65766794077457967e-10 -2.90130392132390114e-01  3.65664116326907335e-06
  1.89296528712405910e-09 -5.86927932163919165e-12 -1.81222876679698618e-15
  3.87529574069213374e-18  5.25719552331480766e-22 -7.12122443376639450e-24
  3.01291155604165113e-26  8.79591280699733795e-29 -6.30286764641151163e-31
B0531+21   22-Apr-15  113000.00   57134.47916666660            56.778761  0.784 -7.666
    199031678.511511   29.668855443614  aro  300   12   327.000                
  7.13355470684291933e-09 -2.88384096648188148e-01  2.93449832520819624e-06
 -3.71068536786116900e-09 -4.71464371670141504e-12  3.59803551727766981e-15
  3.21360148446694285e-18 -5.22923075096096571e-21 -1.02969599660779322e-23
  1.27041549412180482e-25  1.51071157255579108e-28 -1.60608386618116509e-30
B0531+21   22-Apr-15  163000.00   57134.68749999990            56.778771  0.780 -7.998
    199565631.530348   29.668855443614  aro  300   12   327.000                
  3.19531600708265588e-09 -2.87956169539953288e-01 -1.72438450965364133e-06
 -5.11055524248735286e-09  2.72383004087939079e-12  4.87274093212073836e-15
 -1.72805095775263927e-18 -1.00525649266368030e-21  9.17397649521493183e-25
 -2.52390422867335960e-26 -1.81526307979609295e-29  1.31139084799188739e-31
B0531+21   22-Apr-15  213000.00   57134.89583333320            56.778781  0.788 -7.987
    200099584.280466   29.668855443614  aro  300   12   327.000                
 -1.56956739428827608e-09 -2.89913632146676203e-01 -3.84021033716960628e-06
  1.10520502322827096e-09  6.10487667824568328e-12 -1.08248581191526112e-15
 -4.03023849605745579e-18  2.69472460113749439e-21  6.94383739331339039e-24
 -8.39294965806753842e-26 -7.87093708266557603e-29  1.23291303542162313e-30
B0531+21   23-Apr-15   23000.00   57135.10416666660            56.778791  0.794 -7.664
    200633536.432976   29.668855443614  aro  300   12   327.000                
  6.91984638631191028e-09 -2.91355040257462228e-01 -2.57737186606973897e-07
  5.67951508049353054e-09  3.92278794420425071e-13 -5.39344461404061684e-15
 -1.51112781358466308e-19 -6.96002037555810791e-22 -4.43359577666452122e-24
  1.04911832032596614e-25  7.43788221683084393e-29 -1.25579521310131655e-30
B0531+21   23-Apr-15   73000.00   57135.31249999990            56.778801  0.785 -7.978
    201167488.544853   29.668855443614  aro  300   12   327.000                
 -3.63776803032891602e-10 -2.90145003228027554e-01  3.69185217354980295e-06
  1.80028579350416647e-09 -5.90300703960137622e-12 -1.72006140411552061e-15
  3.78138456282906524e-18 -6.99511306654661888e-23 -1.66982389564523216e-24
  5.65234644271133152e-26 -5.87379513270751100e-31 -1.03928730691976737e-30
B0531+21   23-Apr-15  110000.00   57135.45833333330            56.778808  0.775 -7.667
    201541255.360794   29.668855443614  aro  300   12   327.000                
  1.70876850914942981e-08 -2.88582139678468241e-01  3.21820376165833300e-06
 -3.19636455057345094e-09 -5.14528425179783555e-12  3.11128254703405840e-15
  3.37241041108070823e-18 -5.49626437720063656e-21 -4.63604423649264210e-24
  1.44423249135444235e-25  4.99977530524766462e-29 -1.82719312024755859e-30
B0531+21   23-Apr-15  160000.00   57135.66666666660            56.778818  0.769 -7.982
    202075208.355189   29.668855443614  aro  300   12   327.000                
 -1.05758357045705406e-10 -2.87906712308556134e-01 -1.30121997692164974e-06
 -5.36081447615585586e-09  2.06794635109622737e-12  5.10160062004021277e-15
 -1.13375675061815670e-18  6.93992419627751552e-24 -7.21291833140078753e-24
 -7.80293655493136830e-26  1.08687703762375559e-28  1.02307361273784780e-30
B0531+21   23-Apr-15  210000.00   57135.87499999990            56.778828  0.777 -7.991
    202609161.147025   29.668855443614  aro  300   12   327.000                
 -4.48520594074542267e-09 -2.89733523229871781e-01 -3.88842627079732113e-06
  4.62997225332720061e-10  6.20119585368558147e-12 -4.89060923250168002e-16
 -3.94321073614644125e-18  3.82127659265341184e-21 -2.06363732237417741e-25
 -1.22019041190467155e-25  4.00224740890398686e-29  1.55990335275372480e-30
B0531+21   24-Apr-15   20000.00   57136.08333333330            56.778838  0.784 -7.666
    203143113.334065   29.668855443614  aro  300   12   327.000                
  1.69248594704542410e-08 -2.91344122599669075e-01 -6.86294582118875077e-07
  5.60158974431937955e-09  1.09728404638029446e-12 -5.31335262816978331e-15
 -6.90469970598276622e-19 -1.27518942346968462e-21 -1.43314184482851737e-25
  1.27537197408303450e-25  3.78185460370267768e-30 -1.59510682607236830e-30
B0531+21   24-Apr-15   70000.00   57136.29166666660            56.778848  0.776 -7.973
    203677065.414102   29.668855443614  aro  300   12   327.000                
  2.09487059531823219e-09 -2.90339649266943944e-01  3.54029958981956018e-06
  2.40278905812500498e-09 -5.64213455711735978e-12 -2.32222541082673797e-15
  3.73147874894310330e-18  2.75623675062214705e-21 -6.32139763185171863e-24
 -5.43171243985419482e-26  6.59617515742068418e-29  6.78420394214167466e-31
B0531+21   24-Apr-15  110000.00   57136.45833333330            56.778856  0.764 -7.668
    204104227.468373   29.668855443614  aro  300   12   327.000                
  1.44257516877299220e-08 -2.88557026785824233e-01  3.19291572323181971e-06
 -3.27686673505592001e-09 -5.08326356537170040e-12  3.17932399090861613e-15
  3.21483585427801034e-18 -4.69802845679901204e-21  1.03449128868950447e-24
  1.12418433744317882e-25 -4.52487394609499955e-29 -1.38445545276747993e-30
B0531+21   24-Apr-15  160000.00   57136.66666666660            56.778866  0.758 -7.984
    204638180.466497   29.668855443614  aro  300   12   327.000                
  1.71723291388773173e-09 -2.87909529517440310e-01 -1.35146409085742866e-06
 -5.32765148435363921e-09  2.17006299587040082e-12  5.08512489082076559e-15
 -1.34748312885587671e-18 -1.27411724239982107e-21 -8.47733511381736323e-25
 -2.84532110101385653e-26  1.20941685803657815e-29  3.20338976974078220e-31
B0531+21   24-Apr-15  210000.00   57136.87499999990            56.778876  0.766 -7.981
    205172133.254559   29.668855443614  aro  300   12   327.000                
 -4.88332254606436153e-09 -2.89748758312611765e-01 -3.86967965490544908e-06
  5.60242160539538302e-10  6.19336517114828026e-12 -5.55031772520355909e-16
 -4.14420200071995157e-18  1.27653003777958785e-21  9.76955146378468018e-24
 -1.47397194950098494e-26 -1.27513501653663367e-28 -5.35990416202019873e-32
B0531+21   25-Apr-15   20000.00   57137.08333333330            56.778886  0.773 -7.664
    205706085.441054   29.668855443614  aro  300   12   327.000                
  1.36096066146118455e-08 -2.91326333521178260e-01 -6.07479607038281801e-07
  5.61795894665952993e-09  9.91037333584649889e-13 -5.33566670722618045e-15
 -5.61845352658122053e-19 -6.76386989114106881e-22 -2.22008852584318962e-24
  1.04833628700407345e-25  2.73288299572250382e-29 -1.28631287284157470e-30
B0531+21   25-Apr-15   70000.00   57137.29166666660            56.778896  0.765 -7.981
    206240037.533119   29.668855443614  aro  300   12   327.000                
  3.55979740801663585e-09 -2.90281215712072826e-01  3.58066922942573396e-06
  2.31353971217228052e-09 -5.68616233308668065e-12 -2.21936922679287588e-15
  3.74081518008391205e-18  1.23293386340078448e-21 -6.19902655835051487e-24
  1.94091090467324050e-27  7.57641255814909630e-29 -1.09578890719672543e-31
B0531+21   25-Apr-15  110000.00   57137.45833333330            56.778904  0.753 -7.670
    206667199.602431   29.668855443614  aro  300   12   327.000                
  1.69326711552198806e-08 -2.88495577736946562e-01  3.16628722252005122e-06
 -3.35641527773103111e-09 -5.02131505065181815e-12  3.25268694394366019e-15
  3.22581489799059464e-18 -4.30498706138332674e-21 -1.14689479633934541e-24
  8.96310698841416824e-26 -1.01919072858016773e-29 -9.84939812947899135e-31
B0531+21   25-Apr-15  160000.00   57137.66666666660            56.778914  0.747 -7.992
    207201152.615101   29.668855443614  aro  300   12   327.000                
  1.76345471043990441e-09 -2.87876439612201329e-01 -1.40168993979925064e-06
 -5.29275206763278018e-09  2.26946048040871045e-12  5.04046811381489503e-15
 -1.34675766819336234e-18 -3.51855523577602757e-22 -3.84670568008545007e-24
 -6.23631418696610535e-26  6.24350563035227351e-29  8.00475886792221828e-31
B0531+21   25-Apr-15  210000.00   57137.87499999990            56.778924  0.755 -7.980
    207735105.410196   29.668855443614  aro  300   12   327.000                
 -4.70383740314319178e-09 -2.89727771860296524e-01 -3.85015633306100405e-06
  6.57369857826086293e-10  6.18034183717825880e-12 -6.30079206958351654e-16
 -3.94842437568863547e-18 -2.13948267463635290e-22  9.72909873319373685e-25
  4.14690171209318339e-26  1.59598259637832360e-29 -8.00738756643639619e-31
B0531+21   26-Apr-15   20000.00   57138.08333333330            56.778934  0.762 -7.666
    208269057.607064   29.668855443614  aro  300   12   327.000                
  1.75654382811038046e-08 -2.91272079095801384e-01 -5.28854316476040577e-07
  5.63251612784990678e-09  8.85119542453597962e-13 -5.32733461857818283e-15
 -4.82121014758660369e-19 -2.32234429231776006e-21 -3.10602256136530112e-24
  1.59519193798980599e-25  4.74541707712437480e-29 -1.95284023546939611e-30
B0531+21   26-Apr-15   70000.00   57138.29166666660            56.778944  0.753 -7.986
    208803009.722036   29.668855443614  aro  300   12   327.000                
 -1.27073536840822238e-09 -2.90186843842775266e-01  3.61962113744560450e-06
  2.22368907232285054e-09 -5.72800255874900178e-12 -2.12940822522620187e-15
  3.66360171156277532e-18  8.83241901370949844e-22 -7.87417844959563563e-25
  1.23376688014613100e-26 -2.10515938833611421e-29 -2.40830144919382854e-31
B0531+21   26-Apr-15  110000.00   57138.45833333330            56.778952  0.742 -7.668
    209230171.814929   29.668855443614  aro  300   12   327.000                
  1.49306463655472885e-08 -2.88398888309612078e-01  3.13837310281669809e-06
 -3.43496205646249218e-09 -4.95830496320752864e-12  3.32942903227977284e-15
  3.30050824478631360e-18 -4.49520532316475699e-21 -6.91871336995030839e-24
  9.47360244838723661e-26  9.01566752744609464e-29 -1.03060247726111860e-30
B0531+21   26-Apr-15  160000.00   57138.66666666660            56.778962  0.736 -7.978
    209764124.852637   29.668855443614  aro  300   12   327.000                
 -1.02275892034221045e-09 -2.87808499367650572e-01 -1.45184183329098910e-06
 -5.25635641111175738e-09  2.36832264158465387e-12  5.00758337346394759e-15
 -1.37361280682570941e-18 -3.59371635064122314e-22 -4.97323580821186634e-24
 -6.61494653950203213e-26  7.34275697323498755e-29  8.98474968854159806e-31
B0531+21   26-Apr-15  210000.00   57138.87499999990            56.778972  0.744 -7.984
    210298077.665262   29.668855443614  aro  300   12   327.000                
 -5.99963760460013444e-09 -2.89671589395348039e-01 -3.82983366504790966e-06
  7.54499666640935967e-10  6.16793468194509549e-12 -7.49524354704853613e-16
 -4.00965568098368026e-18  2.38852761399578615e-21  3.31286366509245127e-24
 -6.41793086635316767e-26 -1.03355371277613875e-29  7.73169058498456684e-31
B0531+21   27-Apr-15   20000.00   57139.08333333330            56.778982  0.751 -7.665
    210832029.883116   29.668855443614  aro  300   12   327.000                
  1.39484606779241044e-08 -2.91182369134386665e-01 -4.50396452413967028e-07
  5.64567803738371193e-09  7.78658178772757438e-13 -5.36099714134652548e-15
 -3.79162786326703947e-19 -9.32592195918808746e-22 -4.34943050100359199e-24
  1.19921596239959725e-25  6.15100365127661373e-29 -1.55527482289035355e-30
B0531+21   27-Apr-15   70000.00   57139.29166666660            56.778992  0.742 -7.975
    211365982.031573   29.668855443614  aro  300   12   327.000                
  3.63059406150229220e-09 -2.90057529686866544e-01  3.65718817872630958e-06
  2.13323709060069322e-09 -5.76971280702267097e-12 -2.05133295152244436e-15
  3.78098917645300752e-18  1.63622527420451998e-21 -5.14913073549663958e-24
 -1.90555166923844130e-26  5.16016763750845335e-29  2.11537840568311300e-31
B0531+21   27-Apr-15  110000.00   57139.45833333330            56.779000  0.730 -7.668
    211793144.156351   29.668855443614  aro  300   12   327.000                
  1.73554117374550155e-08 -2.88267936940933112e-01  3.10921242797883392e-06
 -3.51243254228958856e-09 -4.89211593101256386e-12  3.39721829278867332e-15
  3.17510179466976228e-18 -4.20681067043652623e-21 -3.00771615912481453e-24
  8.96101875611841147e-26  2.53375830202035506e-29 -1.05311341115252312e-30
B0531+21   27-Apr-15  160000.00   57139.66666666660            56.779010  0.725 -7.980
    212327097.229300   29.668855443614  aro  300   12   327.000                
  2.23582734763439384e-09 -2.87706657099646657e-01 -1.50187464669365530e-06
 -5.21840441490301929e-09  2.46806368754373475e-12  4.97331289754758825e-15
 -1.57325052522055744e-18 -4.33642545190060271e-22  1.54255867745409303e-24
 -6.41997984014923154e-26 -3.29029685185906752e-29  8.79798185960207548e-31
B0531+21   27-Apr-15  210000.00   57139.87499999990            56.779020  0.733 -7.985
    212861050.069670   29.668855443614  aro  300   12   327.000                
 -7.12505651052173648e-09 -2.89581135195406625e-01 -3.80867158029242064e-06
  8.51245640040270407e-10  6.15268035120972720e-12 -8.25373881830831511e-16
 -4.02731835141533252e-18  7.51491025715639562e-22  6.18727188262427134e-24
  7.33546352375332679e-27 -7.70391695221186072e-29 -3.27473465592228776e-31
B0531+21   28-Apr-15   20000.00   57140.08333333330            56.779030  0.739 -7.666
    213395002.318847   29.668855443614  aro  300   12   327.000                
  1.87467420664063966e-08 -2.91058118288482548e-01 -3.72103321724817667e-07
  5.65696919804802075e-09  6.72770272306036855e-13 -5.36145360489367390e-15
 -3.49222705264776494e-19 -1.56536837122386425e-21 -2.70238278653874985e-24
  1.36188509937513364e-25  3.38696480118240523e-29 -1.68302753494073759e-30
B0531+21   28-Apr-15   70000.00   57140.29166666660            56.779040  0.730 -7.986
    213928954.511094   29.668855443614  aro  300   12   327.000                
  1.38987476076010783e-09 -2.89894183047066989e-01  3.69337939827390853e-06
  2.04212194536474721e-09 -5.80857465021247557e-12 -1.95653727938555558e-15
  3.78640089256764452e-18  5.00559745037689592e-22 -4.74982456345028797e-24
  3.74895637790876661e-26  4.88471615756043609e-29 -7.71935261417264162e-31
B0531+21   28-Apr-15  110000.00   57140.45833333330            56.779048  0.718 -7.669
    214356116.675842   29.668855443614  aro  300   12   327.000                
  1.58706581572942305e-08 -2.88103620192610155e-01  3.07885031226929002e-06
 -3.58895967473910629e-09 -4.82523598561344523e-12  3.47799825063444536e-15
  3.11232602428365433e-18 -4.69667944267102933e-21 -1.55958586777861533e-24
  1.00304986265163981e-25 -3.96473486285864686e-30 -1.11357536288654003e-30
B0531+21   28-Apr-15  160000.00   57140.66666666660            56.779058  0.713 -7.991
    214890069.793971   29.668855443614  aro  300   12   327.000                
  3.08505085545901947e-09 -2.87571785579321837e-01 -1.55173725661526985e-06
 -5.17885259021752112e-09  2.56443932715810043e-12  4.93237447621211091e-15
 -1.43775071505914660e-18 -2.56344151815159375e-22 -8.47465964272743117e-24
 -6.87262717978034101e-26  1.41002088411414665e-28  9.38160143904111723e-31
B0531+21   28-Apr-15  210000.00   57140.87499999990            56.779068  0.722 -7.979
    215424022.672042   29.668855443614  aro  300   12   327.000                
 -1.05987306053013919e-08 -2.89457263898602823e-01 -3.78666576081379028e-06
  9.47916135290459735e-10  6.13697128083080399e-12 -9.41136428567575124e-16
 -4.12531953860031805e-18  2.85462695156833685e-21  1.04907503104347994e-23
 -7.39927595654632880e-26 -1.38296457204174375e-28  8.57743946627160799e-31
B0531+21   29-Apr-15   20000.00   57141.08333333330            56.779079  0.727 -7.664
    215957974.962623   29.668855443614  aro  300   12   327.000                
  1.34873521623065740e-08 -2.90900177484652300e-01 -2.93966820783142718e-07
  5.66669532337101631e-09  5.65641419581808272e-13 -5.37423853987666535e-15
 -2.14589789678140395e-19 -1.49069648252792172e-21 -5.86385466018753584e-24
  1.40972909909139092e-25  8.73350734416813294e-29 -1.84292472052639205e-30
B0531+21   29-Apr-15   70000.00   57141.29166666660            56.779089  0.718 -7.979
    216491927.208710   29.668855443614  aro  300   12   327.000                
 -2.56840818550397210e-09 -2.89697652118652615e-01  3.72821472991196195e-06
  1.95043822488411984e-09 -5.84638142776679595e-12 -1.87611075061145308e-15
  3.83556593389095115e-18  1.26860337144245659e-21 -5.88149412884192281e-24
  5.50488712701165043e-28  6.83663949679496360e-29 -1.75311791858967105e-31
B0531+21   29-Apr-15  110000.00   57141.45833333330            56.779097  0.707 -7.670
    216919089.421313   29.668855443614  aro  300   12   327.000                
  1.07383252464761728e-08 -2.87906776378007323e-01  3.04731330913612193e-06
 -3.66439588128312477e-09 -4.75737089579470754e-12  3.55488675402531291e-15
  3.12417283407127529e-18 -5.19633006570875078e-21 -4.15158922500670678e-24
  1.21846472453103656e-25  3.71313802617080590e-29 -1.47657056335920803e-30
B0531+21   29-Apr-15  160000.00   57141.66666666660            56.779107  0.701 -7.986
    217453042.594311   29.668855443614  aro  300   12   327.000                
  1.28958198935787745e-09 -2.87404700947624436e-01 -1.60140458828917149e-06
 -5.13787480849699203e-09  2.66208267930488927e-12  4.90957960109724287e-15
 -1.56630909405848586e-18 -1.70202609794935834e-21 -5.14120915649073699e-24
 -9.02851096258673818e-27  8.48893813792683256e-29  3.06131360472448105e-32
B0531+21   29-Apr-15  210000.00   57141.87499999990            56.779117  0.710 -7.982
    217986995.519797   29.668855443614  aro  300   12   327.000                
 -7.39716937389847565e-09 -2.89300775660768839e-01 -3.76378741966320273e-06
  1.04409153624505052e-09  6.11734418950810721e-12 -1.01091966252573553e-15
 -3.99844507186713035e-18  1.02782149484315788e-21  5.03467532128954074e-24
 -3.78494285552128812e-27 -4.88441292580560742e-29 -1.29891866142681611e-31
B0531+21   30-Apr-15   20000.00   57142.08333333330            56.779127  0.716 -7.665
    218520947.861625   29.668855443614  aro  300   12   327.000                
  1.52759521658506345e-08 -2.90709344475676090e-01 -2.15998633858879622e-07
  5.67471356113130419e-09  4.59800490509921022e-13 -5.38327752199027460e-15
 -2.28690982940826588e-19 -1.22048084933417777e-21 -2.53293458656052754e-24
  1.26151601022193587e-25  3.82139096370162726e-29 -1.58383595030910294e-30
B0531+21   30-Apr-15   70000.00   57142.29166666660            56.779137  0.706 -7.990
    219054900.171362   29.668855443614  aro  300   12   327.000                
  5.21275438965449465e-09 -2.89468733798167788e-01  3.76169907108743036e-06
  1.85819913580991552e-09 -5.88185367022231275e-12 -1.79297059213962222e-15
  3.80909972575213885e-18  1.49414653752368055e-21 -3.07092888146991130e-24
 -5.48223474277141900e-27  1.54775710971234443e-29 -1.28753253651327016e-31
B0531+21   30-Apr-15  110000.00   57142.45833333330            56.779146  0.694 -7.670
    219482062.439512   29.668855443614  aro  300   12   327.000                
  1.30944431682090869e-08 -2.87678192129860399e-01  3.01462915271155700e-06
 -3.73878490363463213e-09 -4.68724201545442831e-12  3.64603021774794072e-15
  3.06488526515441400e-18 -7.29539407467855309e-21 -4.52013786932853928e-24
  2.11617965218291089e-25  5.64104337984803165e-29 -2.87290097436692276e-30
B0531+21   30-Apr-15  160000.00   57142.66666666660            56.779156  0.690 -7.993
    220016015.676836   29.668855443614  aro  300   12   327.000                
  1.33663999626651539e-09 -2.87206168248503368e-01 -1.65083397002207846e-06
 -5.09520225025168897e-09  2.75857132667316584e-12  4.85173450862293091e-15
 -1.64318908752176859e-18 -2.04748587214908594e-22 -4.35714152484929466e-24
 -6.72108757223849640e-26  6.98304158894068234e-29  8.81704282991646204e-31
B0531+21   30-Apr-15  210000.00   57142.87499999990            56.779166  0.698 -7.991
    220549968.659225   29.668855443614  aro  300   12   327.000                
 -7.49840822364007393e-09 -2.89112418970654317e-01 -3.74002679908290514e-06
  1.14022401890571319e-09  6.09651363443078463e-12 -1.13548976135818604e-15
 -3.96438204166548733e-18  4.03250446391066059e-21  4.42492785388644042e-24
 -1.22823191070021676e-25 -4.28531069115637160e-29  1.62216990575168688e-30
B0531+21    1-May-15   20000.00   57143.08333333330            56.779176  0.704 -7.665
    221083921.061919   29.668855443614  aro  300   12   327.000                
  1.74428059039566187e-08 -2.90486363333627928e-01 -1.38193878908142861e-07
  5.68104397430854741e-09  3.53916668074336082e-13 -5.38615013024750525e-15
 -2.63404566784937465e-19 -1.36747588774113181e-21  2.33407254245066785e-24
  1.25668755432165388e-25 -4.34583577032434024e-29 -1.48000893048675802e-30
B0531+21    1-May-15   70000.00   57143.29166666660            56.779186  0.694 -7.985
    221617873.444893   29.668855443614  aro  300   12   327.000                
  2.20989750155485142e-09 -2.89208168347781958e-01  3.79385277833810699e-06
  1.76533774641627632e-09 -5.91670871620510292e-12 -1.70135068636713243e-15
  3.92134886220836611e-18  1.44083755259509749e-21 -7.29125886056112078e-24
 -9.43867205264574308e-27  8.49056787688368454e-29 -4.19789211257745560e-32
B0531+21    1-May-15  103000.00   57143.43750000000            56.779193  0.684 -7.667
    221991640.461734   29.668855443614  aro  300   12   327.000                
  2.02707494423495359e-08 -2.87607224766097180e-01  3.29802115805868912e-06
 -3.22677400902071234e-09 -5.12228401568597151e-12  3.12596225089336131e-15
  3.30668260477989080e-18 -4.32351148519459162e-21 -2.91297276223904434e-24
  1.02900400465990216e-25  3.17641574831405586e-29 -1.31645839461304989e-30
B0531+21    1-May-15  153000.00   57143.64583333330            56.779204  0.677 -7.988
    222525593.755202   29.668855443614  aro  300   12   327.000                
  1.11455177076846265e-09 -2.86888818033762261e-01 -1.23127871691990600e-06
 -5.34921884089251885e-09  2.10561591645598697e-12  5.08657774616368296e-15
 -1.19292298288834949e-18  5.57353268419062072e-22 -5.42356082452563815e-24
 -1.07651210518671500e-25  7.57776710996441368e-29  1.55210016547879259e-30
B0531+21    1-May-15  203000.00   57143.85416666660            56.779214  0.685 -7.982
    223059546.859273   29.668855443614  aro  300   12   327.000                
 -1.06597742854930289e-08 -2.88667278442607755e-01 -3.79350413197316677e-06
  4.98420267608263284e-10  6.19956608747727169e-12 -4.92873745821955470e-16
 -4.15723257074494818e-18  9.30811380174530272e-22  1.06780261563479372e-23
 -3.23864588874774244e-27 -1.47986339022863492e-28 -2.03110889423393475e-31
B0531+21    2-May-15   13000.00   57144.06250000000            56.779224  0.691 -7.667
    223593499.375583   29.668855443614  aro  300   12   327.000                
  1.75575481689295037e-08 -2.90212973652563155e-01 -5.69475594066407376e-07
  5.60734273449765702e-09  1.05768168891525833e-12 -5.32454690938325186e-15
 -5.98335403062728968e-19 -6.27343869112732680e-22 -3.71232574796535866e-24
  9.73667628578592678e-26  7.13179998127683428e-29 -1.11780159817447487e-30
B0531+21    2-May-15   63000.00   57144.27083333330            56.779234  0.683 -7.991
    224127451.805322   29.668855443614  aro  300   12   327.000                
  2.59479373740300278e-09 -2.89140955713359682e-01  3.64257945967909659e-06
  2.36941413675208466e-09 -5.65809819883663637e-12 -2.29656785482950956e-15
  3.67303549097947264e-18  3.00083965893667536e-21 -3.19316974874471466e-24
 -5.71643158577975535e-26  1.60819390426012139e-29  6.39658600563202428e-31
B0531+21    2-May-15  103000.00   57144.43750000000            56.779242  0.671 -7.669
    224554614.152680   29.668855443614  aro  300   12   327.000                
  1.85125852546360291e-08 -2.87315378091364315e-01  3.27002649219964905e-06
 -3.30683463295012434e-09 -5.06074602491193106e-12  3.19258988099454268e-15
  3.26220319016938373e-18 -3.53451323463950927e-21 -2.39028136736255884e-24
  7.10069805456526286e-26  1.89451414446300118e-29 -8.53277660826214847e-31
B0531+21    2-May-15  153000.00   57144.64583333330            56.779253  0.665 -7.984
    225088567.529668   29.668855443614  aro  300   12   327.000                
  6.02159752728131161e-09 -2.86626374241445214e-01 -1.28367983960817761e-06
 -5.31527352693917262e-09  2.20588124689900187e-12  5.04613236523944865e-15
 -1.26209012178982455e-18  9.03638490020307469e-22 -4.51749222606646079e-24
 -1.06800338112094553e-25  5.31432722019522130e-29  1.35084550737496272e-30
B0531+21    2-May-15  203000.00   57144.85416666660            56.779263  0.673 -7.999
    225622520.709363   29.668855443614  aro  300   12   327.000                
 -4.01766617219736057e-09 -2.88418422703274502e-01 -3.77658787525648426e-06
  5.95758215165901027e-10  6.18874063169280487e-12 -5.80532001632159547e-16
 -4.07849887202939238e-18  3.86082216133689082e-22  7.11687606507366324e-24
  2.31985083901111376e-26 -8.78638565367859823e-29 -6.20853229710774970e-31
B0531+21    3-May-15   13000.00   57145.06250000000            56.779273  0.679 -7.665
    226156473.304185   29.668855443614  aro  300   12   327.000                
  1.65853525915265099e-08 -2.89932261720467321e-01 -4.92805889238284073e-07
  5.62312206718425469e-09  9.51844994644652344e-13 -5.33431371439687937e-15
 -5.16380447104057406e-19 -1.49735537827910177e-21 -3.97279647530486025e-24
  1.44348334822511267e-25  6.90776566887556681e-29 -1.93981134469167459e-30
B0531+21    3-May-15   63000.00   57145.27083333330            56.779284  0.671 -7.985
    226690425.824620   29.668855443614  aro  300   12   327.000                
  4.99332781484738151e-09 -2.88821024981462782e-01  3.68039800471657369e-06
  2.28004474628091426e-09 -5.70219670556132367e-12 -2.20829395254043574e-15
  3.74042346458690059e-18  2.69972027537841633e-21 -4.73570435976167790e-24
 -4.65224024932022249e-26  3.60988823075639749e-29  4.80198320989028441e-31
B0531+21    3-May-15  103000.00   57145.43750000000            56.779292  0.659 -7.671
    227117588.249631   29.668855443614  aro  300   12   327.000                
  1.43516875035077220e-08 -2.86993655641256895e-01  3.24092658191628121e-06
 -3.38610162845700804e-09 -4.99810266557763230e-12  3.29912512311020217e-15
  3.26251918693189183e-18 -6.38030505619230227e-21 -4.38500029682778306e-24
  1.82867115512241877e-25  5.46010316734589431e-29 -2.46858693089715724e-30
B0531+21    3-May-15  153000.00   57145.64583333330            56.779302  0.653 -7.983
    227651541.719040   29.668855443614  aro  300   12   327.000                
  8.57175748392193762e-10 -2.86334339476222943e-01 -1.33583558307793465e-06
 -5.27979890047547455e-09  2.30669260097810192e-12  5.01552049917804856e-15
 -1.43159728664342967e-18  4.67889270000002171e-22 -2.00985951410685604e-25
 -8.81554263280879754e-26 -8.04070372245382742e-30  1.11239165339961388e-30
B0531+21    3-May-15  203000.00   57145.85416666660            56.779312  0.661 -7.991
    228185494.983292   29.668855443614  aro  300   12   327.000                
 -7.48727078656762557e-09 -2.88139520328937748e-01 -3.75867565135868371e-06
  6.92956461602477668e-10  6.17719130262466246e-12 -6.75786205067603284e-16
 -4.14225757916008241e-18  7.78124294357795737e-22  1.07941853223637514e-23
  4.56940525228058488e-27 -1.52505414046800863e-28 -2.99227170811728047e-31
B0531+21    4-May-15   13000.00   57146.06250000000            56.779323  0.667 -7.667
    228719447.665713   29.668855443614  aro  300   12   327.000                
  1.54739830845752485e-08 -2.89621123445378825e-01 -4.16100150109303873e-07
  5.63726338345755643e-09  8.46095388684090935e-13 -5.35146959237045626e-15
 -4.69421914746243442e-19 -1.15207001860292952e-21 -2.77030621981965140e-24
  1.31351660506436680e-25  4.38352547551054318e-29 -1.76808486429883505e-30
B0531+21    4-May-15   63000.00   57146.27083333330            56.779333  0.658 -7.980
    229253400.285932   29.668855443614  aro  300   12   327.000                
  7.96258592394849529e-09 -2.88471058625460186e-01  3.71702797931406595e-06
  2.19009565008868656e-09 -5.74406061495645461e-12 -2.13868727286732968e-15
  3.75740243760308617e-18  4.16584985860780890e-21 -4.57707205982538275e-24
 -1.06729783178840699e-25  3.80795025310923249e-29  1.36347735134520798e-30
B0531+21    4-May-15  103000.00   57146.43750000000            56.779341  0.646 -7.668
    229680562.795733   29.668855443614  aro  300   12   327.000                
  1.58712958398482898e-08 -2.86642483127113878e-01  3.21077875958301824e-06
 -3.46410862344155111e-09 -4.93404484483855032e-12  3.35056392404020856e-15
  3.26244349458750170e-18 -4.44430976551825763e-21 -5.80188142002573383e-24
  1.10930552527151217e-25  7.05913744203530061e-29 -1.51490781230502866e-30
B0531+21    4-May-15  153000.00   57146.64583333330            56.779352  0.640 -7.993
    230214516.366339   29.668855443614  aro  300   12   327.000                
  2.10175834621473495e-09 -2.86013098895061657e-01 -1.38766698666698991e-06
 -5.24277069693618908e-09  2.40498443524277704e-12  4.98254728059426881e-15
 -1.39646155517021342e-18  3.06371243429757068e-22 -5.11086107217365389e-24
 -8.16104926363206550e-26  7.69163755377868670e-29  1.01195814369694591e-30
B0531+21    4-May-15  203000.00   57146.85416666660            56.779362  0.648 -7.991
    230748469.723973   29.668855443614  aro  300   12   327.000                
 -7.59757696696967272e-09 -2.87830920608575236e-01 -3.73971547831617409e-06
  7.89910752516179970e-10  6.16286670342929784e-12 -7.58404961889012094e-16
 -4.06754537799395220e-18 -1.98032620724616540e-22  7.27970074049069762e-24
  5.05246661558689179e-26 -9.01584950028940762e-29 -1.04977857516157850e-30
B0531+21    5-May-15   13000.00   57147.06250000000            56.779372  0.654 -7.667
    231282422.502976   29.668855443614  aro  300   12   327.000                
  1.61221137072231746e-08 -2.89279885072100174e-01 -3.39326472378527929e-07
  5.64968781267829142e-09  7.40657345086610857e-13 -5.35490925402084002e-15
 -4.82284115285631966e-19 -1.86793310880723826e-21  7.64770367546325179e-25
  1.58788611799442821e-25 -9.92777361925717944e-30 -2.14858495170693905e-30
B0531+21    5-May-15   63000.00   57147.27083333330            56.779383  0.645 -7.992
    231816375.231974   29.668855443614  aro  300   12   327.000                
  1.03962930132788694e-09 -2.88091361178094640e-01  3.75251698871685316e-06
  2.09939512893390567e-09 -5.78449074826351379e-12 -2.04543360250873735e-15
  3.79279404962109833e-18  3.71062689727206133e-21 -4.63158268611976093e-24
 -9.49583573815092269e-26  3.11839948438262409e-29  1.24465682107836015e-30
B0531+21    5-May-15  103000.00   57147.43750000000            56.779391  0.633 -7.672
    232243537.833631   29.668855443614  aro  300   12   327.000                
  1.26535874401701863e-08 -2.86262138393443832e-01  3.17964786505503586e-06
 -3.54120909545660930e-09 -4.86785238425671354e-12  3.42380961182702275e-15
  3.18203905440530180e-18 -4.02669664098212729e-21 -3.85604595488209625e-24
  8.03992989099149955e-26  3.87217716109650172e-29 -9.21970205363644773e-31
B0531+21    5-May-15  153000.00   57147.64583333330            56.779401  0.627 -7.995
    232777491.514134   29.668855443614  aro  300   12   327.000                
  2.21695367149186810e-09 -2.85662888230049428e-01 -1.43910991544367266e-06
 -5.20418571778198793e-09  2.50345873058909541e-12  4.94788193070991949e-15
 -1.49777792834791304e-18  2.33572616596771475e-22 -2.33930778211082347e-24
 -7.93792948171406786e-26  1.89054144107556882e-29  9.73715555026037227e-31
B0531+21    5-May-15  203000.00   57147.85416666660            56.779412  0.635 -7.987
    233311444.973911   29.668855443614  aro  300   12   327.000                
 -4.01387803259216640e-09 -2.87492821764562034e-01 -3.71965496303260139e-06
  8.86734228598679861e-10  6.14640242487782721e-12 -8.57254722731172547e-16
 -3.97705932631483583e-18  3.91353940392910985e-22  3.71383419787324210e-24
  2.70354913278605874e-26 -3.52633950771891960e-29 -6.75845698105138398e-31
B0531+21    6-May-15   13000.00   57148.06250000000            56.779422  0.641 -7.666
    233845397.858425   29.668855443614  aro  300   12   327.000                
  1.68959663683858291e-08 -2.88908720581852241e-01 -2.62443524657767443e-07
  5.66062617024290719e-09  6.33254664690192022e-13 -5.39293518146175739e-15
 -3.01124645470660745e-19  6.66835344013351038e-22 -4.53446183146484129e-24
  5.76077281471989285e-26  7.65844940921348441e-29 -6.76983430826345913e-31
B0531+21    6-May-15   63000.00   57148.27083333330            56.779433  0.632 -7.989
    234379350.705146   29.668855443614  aro  300   12   327.000                
  1.40503491368506586e-09 -2.87682083949817979e-01  3.78691114726041096e-06
  2.00820697699659346e-09 -5.82323413318383738e-12 -1.97363184588216436e-15
  3.82100348076321521e-18  4.98584144562361998e-21 -4.54458240814099814e-24
 -1.43642192815279418e-25  2.79643044144766955e-29  1.89560310300991663e-30
B0531+21    6-May-15  103000.00   57148.43750000000            56.779441  0.620 -7.670
    234806513.405693   29.668855443614  aro  300   12   327.000                
  1.84669131333082203e-08 -2.85852746015940962e-01  3.14759885004387504e-06
 -3.61717916943978359e-09 -4.80030506997059380e-12  3.49043734826894972e-15
  3.12400891312542857e-18 -3.69822444752741980e-21 -3.29007660464858847e-24
  7.08695838172298098e-26  3.21284612336294682e-29 -8.31980106402063583e-31
B0531+21    6-May-15  153000.00   57148.64583333330            56.779451  0.614 -7.993
    235340467.204762   29.668855443614  aro  300   12   327.000                
  5.87064518145261169e-09 -2.85283789650621677e-01 -1.49009361331106348e-06
 -5.16394756698818769e-09  2.60152373162531295e-12  4.89262991330560251e-15
 -1.60263345463383295e-18  1.85117558864548658e-21 -7.02254876503629483e-25
 -1.46293748292962985e-25 -3.59082708871871074e-30  1.99236639234237785e-30
B0531+21    6-May-15  203000.00   57148.85416666660            56.779462  0.623 -7.991
    235874420.775421   29.668855443614  aro  300   12   327.000                
 -9.22545468378435088e-09 -2.87125268906483100e-01 -3.69845644613211217e-06
  9.83218881539863936e-10  6.13059325589584360e-12 -9.40355566826733811e-16
 -4.13550739592681286e-18 -2.91582536709759244e-22  1.04313741166192560e-23
  5.24234260369724388e-26 -1.28005441383248540e-28 -1.01058417606391327e-30
B0531+21    7-May-15   13000.00   57149.06250000000            56.779472  0.628 -7.670
    236408373.774367   29.668855443614  aro  300   12   327.000                
  1.50317289643768331e-08 -2.88507652388837854e-01 -1.85435397444663607e-07
  5.66961218974583331e-09  5.27785952455297332e-13 -5.36564774813569009e-15
 -3.41271954513838167e-19 -2.62635183302352977e-21  1.33775693422059390e-25
  1.90597107477008164e-25  2.48108132325240756e-30 -2.63894760508619962e-30
B0531+21    7-May-15   63000.00   57149.27083333330            56.779483  0.619 -7.991
    236942326.747751   29.668855443614  aro  300   12   327.000                
  3.10682572231296044e-09 -2.87243229537473499e-01  3.82024592330777208e-06
  1.91616701825970130e-09 -5.85932368294385589e-12 -1.84613854022826984e-15
  3.77860408665324007e-18  1.50384554828711534e-21 -2.21730007465083520e-24
 -1.06825947305154193e-26 -1.99347983919526963e-30  1.45471946613079756e-32
B0531+21    7-May-15  103000.00   57149.43750000000            56.779491  0.607 -7.670
    237369489.554224   29.668855443614  aro  300   12   327.000                
  1.66104367012731167e-08 -2.85414284544713681e-01  3.11469171490174897e-06
 -3.69214982756674130e-09 -4.73142153708419445e-12  3.57250842903742209e-15
  3.08284618038468067e-18 -4.75886707113305020e-21 -3.68690321894681361e-24
  1.13401118719091683e-25  4.22845624480859986e-29 -1.45977204428134066e-30
B0531+21    7-May-15  153000.00   57149.64583333330            56.779502  0.601 -7.999
    237903443.480540   29.668855443614  aro  300   12   327.000                
  3.96875130586372700e-09 -2.84875743352605904e-01 -1.54054702883121019e-06
 -5.12225303656949264e-09  2.69729472894624607e-12  4.85755694795950058e-15
 -1.57719154647231254e-18  1.27588606060431926e-21 -3.73253591828776577e-24
 -1.20375778005320574e-25  3.51071931244560864e-29  1.61527968045601110e-30
B0531+21    7-May-15  203000.00   57149.85416666660            56.779512  0.610 -7.995
    238437397.170845   29.668855443614  aro  300   12   327.000                
 -8.29589004593174625e-09 -2.86728171072472726e-01 -3.67606139451616513e-06
  1.07943552784631150e-09  6.11007443244667788e-12 -1.02785524787431565e-15
 -4.00883071557503282e-18 -6.02592641871507601e-22  5.53102540738895638e-24
  6.54512883478670939e-26 -5.15094999008021654e-29 -1.18656648653256408e-30
B0531+21    8-May-15   13000.00   57150.06250000000            56.779523  0.615 -7.669
    238971350.293171   29.668855443614  aro  300   12   327.000                
  1.46730947157343290e-08 -2.88076573350626197e-01 -1.08267111736507170e-07
  5.67723824268941248e-09  4.20859015047586809e-13 -5.40250010226148170e-15
 -2.62849692402814264e-19 -3.27724654126445567e-23 -3.89167450278811141e-26
  8.83812965775118779e-26  1.94576068472807313e-30 -1.14093379611019071e-30
B0531+21    8-May-15   63000.00   57150.27083333330            56.779533  0.605 -7.994
    239505303.402193   29.668855443614  aro  300   12   327.000                
  6.03623154260703567e-09 -2.86774676572646714e-01  3.85256496983396117e-06
  1.82388785632228073e-09 -5.89574946475251327e-12 -1.78599555808784242e-15
  3.92422712467335028e-18  4.04052712871426254e-21 -7.19995044077189620e-24
 -1.14352407713130156e-25  7.01491357819818513e-29  1.54232463551493253e-30
