B0531+21   13-Jul-15   60000.00   57216.25000000000             0.000288 -0.441 -8.457
     72392926.945175   29.664667017462  aro  300   12   610.000                
  2.72389657567605453e-09  2.43037918682833323e-02  3.29365206468185144e-06
 -3.57164225323814552e-09 -4.84386531981431968e-12  3.41144481794225317e-15
  3.10810104703109093e-18 -9.81244659082840218e-22 -2.44374359178733613e-24
 -2.51364507572476683e-26  2.92259858984973342e-29  4.04062388805603014e-31
B0531+21   13-Jul-15  110000.00   57216.45833333330             0.000286 -0.446 -8.470
     72926898.413456   29.664667017462  aro  300   12   610.000                
 -4.09086671166204448e-10  2.49664342343379614e-02 -1.33562960244640710e-06
 -5.19491978429526431e-09  2.53913113207269085e-12  4.96126933232295908e-15
 -1.71600643910017680e-18 -1.08370793720691437e-21  5.85304386755893200e-24
 -5.67363013038922915e-26 -9.72859253582998849e-29  9.54850472684655512e-31
B0531+21   13-Jul-15  160000.00   57216.66666666660             0.000283 -0.439 -8.535
     73460869.680156   29.664667017462  aro  300   12   610.000                
 -1.34381799913837249e-09  2.32040086521955111e-02 -3.59504225310927122e-06
  9.15849891700946303e-10  6.14121492502294564e-12 -8.52962206718296683e-16
 -4.04482514582415884e-18 -2.08519236963146824e-21  8.21031849015850679e-24
  1.06266368872610447e-25 -1.27122455755595571e-28 -1.64886272186960844e-30
B0531+21   13-Jul-15  210000.00   57216.87500000000             0.000281 -0.434 -8.446
     73994840.393939   29.664667017462  aro  300   12   610.000                
  2.24203184250900495e-09  2.18690131552505343e-02 -1.22014979503193238e-07
  5.66021041766580596e-09  5.98265706944743947e-13 -5.44181712111210481e-15
 -4.65127658113788239e-19  4.50361753155206765e-21  3.47485460827218045e-24
 -8.24309939906149484e-26 -4.72009780932206483e-29  1.21451995087265966e-30
B0531+21   14-Jul-15   20000.00   57217.08333333330             0.000279 -0.443 -8.465
     74528811.094641   29.664667017462  aro  300   12   610.000                
 -2.54576829697100260e-09  2.31759621575250464e-02  3.90873809320288679e-06
  1.97204991613520878e-09 -5.83597213383037017e-12 -1.89120883969223108e-15
  3.78278731641449936e-18  1.22192135634179450e-21 -3.15712348518741910e-24
 -1.98434544741718572e-26  1.95567030787919048e-29  3.44542451152909915e-31
B0531+21   14-Jul-15   60000.00   57217.25000000000             0.000277 -0.456 -8.510
     74955988.094286   29.664667017462  aro  300   12   610.000                
 -8.58074154109621668e-10  2.50573790335859269e-02  3.24343376817407060e-06
 -3.64746019487113010e-09 -4.77540980095286040e-12  3.49727333905969705e-15
  2.99060081476141903e-18 -2.42157178232033089e-21  1.43305218070757688e-24
  3.73226797059130839e-26 -3.96912427187267051e-29 -5.87212434502333008e-31
B0531+21   14-Jul-15  110000.00   57217.45833333330             0.000275 -0.461 -8.582
     75489959.782766   29.664667017462  aro  300   12   610.000                
  2.50368794090188949e-10  2.56789269286141625e-02 -1.40442288194008179e-06
 -5.15434003965395931e-09  2.63621230352353076e-12  4.91413194424491465e-15
 -1.73053193202238895e-18 -1.61781366222952397e-22  3.06945070597398524e-24
 -9.75169961222874092e-26 -4.50398270287931389e-29  1.60791941939205840e-30
B0531+21   14-Jul-15  160000.00   57217.66666666660             0.000273 -0.453 -8.508
     76023931.258772   29.664667017462  aro  300   12   610.000                
 -5.03238110443110964e-09  2.38943290839605561e-02 -3.59154334352960400e-06
  1.01224457520767964e-09  6.12241375301927518e-12 -9.68302616795849837e-16
 -3.94192025709009801e-18  2.34654637601855674e-22  3.02820439935432907e-24
  8.05419606533397141e-27 -2.80026595368885738e-29 -1.19622261873662274e-31
B0531+21   14-Jul-15  210000.00   57217.87500000000             0.000270 -0.448 -8.488
     76557902.182211   29.664667017462  aro  300   12   610.000                
  1.50982066694098471e-09  2.25821024807453426e-02 -6.31898007234019385e-08
  5.66858125949664375e-09  4.91232898353919846e-13 -5.43386859709702297e-15
 -3.46993720963390634e-19  2.91573895467315050e-21  1.12429048964189793e-24
 -1.41863431293470425e-26 -9.23228449852217069e-30  1.47759261170994931e-31
B0531+21   15-Jul-15   20000.00   57218.08333333330             0.000268 -0.458 -8.305
     77091873.101528   29.664667017462  aro  300   12   610.000                
 -1.99335664730700309e-09  2.39157484603183985e-02  3.92336474040294881e-06
  1.87984901730095190e-09 -5.87347072943241664e-12 -1.79042364289506681e-15
  3.94383510732523761e-18 -3.98525830351328667e-22 -8.91158846172833980e-24
  5.34807918833480165e-26  9.96081625509728450e-29 -8.09937978480540980e-31
B0531+21   15-Jul-15   60000.00   57218.25000000000             0.000267 -0.470 -8.429
     77519050.278242   29.664667017462  aro  300   12   610.000                
  1.31371227615992054e-09  2.57877679419797751e-02  3.19179383371052094e-06
 -3.72206012321333652e-09 -4.70627943632593475e-12  3.55279531051386609e-15
  2.96989019505719460e-18 -1.24668937613908645e-21  1.29902399182161534e-25
 -3.87076087458531199e-27 -1.48153471901267739e-29 -6.17941107941434816e-32
B0531+21   15-Jul-15  110000.00   57218.45833333330             0.000265 -0.476 -8.499
     78053022.179870   29.664667017462  aro  300   12   610.000                
  1.76960952099800787e-09  2.63677613725279772e-02 -1.47325406361367162e-06
 -5.11216706118249839e-09  2.73238603531406251e-12  4.85877818690309851e-15
 -1.77172753309159335e-18  1.13715572507048794e-21  2.97732114397181822e-24
 -1.48508955159615539e-25 -5.44908710503984246e-29  2.36930357551917325e-30
B0531+21   15-Jul-15  160000.00   57218.66666666660             0.000263 -0.468 -8.537
     78586993.858112   29.664667017462  aro  300   12   610.000                
 -2.15533818845989778e-09  2.45612490648658907e-02 -3.58742878042792989e-06
  1.10822868898329428e-09  6.10201187064256928e-12 -1.05561947885758059e-15
 -3.87040610575830059e-18 -1.19962386393327406e-22 -3.89145059693034220e-27
  2.26733618713180954e-26  2.37463573134543800e-29 -3.17038561689924199e-31
B0531+21   15-Jul-15  210000.00   57218.87500000000             0.000261 -0.463 -8.398
     79120964.984222   29.664667017462  aro  300   12   610.000                
  4.12280335387837455e-09  2.32719142930764775e-02 -4.78258732161959253e-09
  5.67536899637905793e-09  3.84092995917572566e-13 -5.44486783763449887e-15
 -2.33322337690886272e-19  3.29704135362761631e-21 -9.97543815008598533e-25
 -2.82218497471031820e-26  2.36441478991692552e-29  3.40681350116543057e-31
B0531+21   16-Jul-15   20000.00   57219.08333333330             0.000259 -0.473 -8.485
     79654936.115090   29.664667017462  aro  300   12   610.000                
  2.24539702000013078e-09  2.46316035522859064e-02  3.93639515249102871e-06
  1.78722353776966238e-09 -5.90638033161338241e-12 -1.72324600065822700e-15
  3.78063562689982846e-18  1.80366067741487615e-21 -8.70260693770919513e-25
 -4.56216679803932406e-26 -1.93685157833794787e-29  7.43579392807585658e-31
B0531+21   16-Jul-15   53000.00   57219.22916666660             0.000257 -0.484 -8.508
     80028716.270354   29.664667017462  aro  300   12   610.000                
 -1.23790357674393283e-09  2.62954083459022679e-02  3.45442597828744901e-06
 -3.20839069991405401e-09 -5.13896326220484759e-12  3.08245029548623076e-15
  3.25453350745504343e-18 -2.56086034094362237e-21 -3.74858533987081109e-25
  4.18845829050657287e-26 -6.14249363385834007e-30 -5.18781278679769871e-31
B0531+21   16-Jul-15  103000.00   57219.43749999990             0.000255 -0.491 -8.442
     80562688.357328   29.664667017462  aro  300   12   610.000                
 -8.09336334103720782e-10  2.71100416500544353e-02 -1.07193676886807074e-06
 -5.36358843111700807e-09  2.07823187716216287e-12  5.14868390909661618e-15
 -1.30292586054292415e-18 -3.68052885994269589e-21 -4.30362262646802940e-25
  4.93716844399085747e-26  9.78856475475686388e-30 -6.59655220712384329e-31
B0531+21   16-Jul-15  153000.00   57219.64583333320             0.000253 -0.483 -8.607
     81096660.283149   29.664667017462  aro  300   12   610.000                
  1.90029720031106549e-10  2.54209041182950554e-02 -3.65790520734848894e-06
  4.65924879311270401e-10  6.20001934980679688e-12 -4.28945709897732202e-16
 -3.89698351867029740e-18 -1.22381556681094069e-21 -7.95541075301349143e-25
  4.67328932309339076e-26  2.80830438379598218e-29 -5.56883662955307726e-31
B0531+21   16-Jul-15  203000.00   57219.85416666660             0.000251 -0.477 -8.450
     81630631.645660   29.664667017462  aro  300   12   610.000                
 -4.86106265773055267e-09  2.39491499186957127e-02 -4.55037216213765059e-07
  5.59847429029543323e-09  1.08928600246367567e-12 -5.38221070074067750e-15
 -8.04054731085340675e-19  4.29255788891568687e-21  5.08587109399514164e-24
 -7.27272751687847260e-26 -7.45241771022704031e-29  1.05675969555564732e-30
B0531+21   17-Jul-15   13000.00   57220.06249999990             0.000250 -0.486 -8.474
     82164602.942656   29.664667017462  aro  300   12   610.000                
  2.22450658825793955e-09  2.50904965781251002e-02  3.76384622053246420e-06
  2.38986669873540744e-09 -5.64397170593623299e-12 -2.27385274101557121e-15
  3.50830979154194481e-18 -1.04721595036607495e-22  2.72497317750933504e-24
  3.82857341484405203e-26 -6.01076146261785229e-29 -4.87211088629278822e-31
B0531+21   17-Jul-15   53000.00   57220.22916666660             0.000248 -0.498 -8.479
     82591780.399520   29.664667017462  aro  300   12   610.000                
 -3.78919294045606571e-09  2.69781389962845987e-02  3.40702204758270084e-06
 -3.28875877821879028e-09 -5.07915189603816121e-12  3.14701790460102530e-15
  3.35442701694515898e-18 -1.67992947781731469e-21 -6.51530555166938996e-24
  1.27021498266259345e-26  9.07985505465460539e-29 -1.88696458684337569e-31
B0531+21   17-Jul-15  103000.00   57220.43749999990             0.000246 -0.505 -8.412
     83125752.685521   29.664667017462  aro  300   12   610.000                
 -9.60234869189666661e-10  2.77516028454949902e-02 -1.14417866163774379e-06
 -5.33017792282533767e-09  2.17937412933734395e-12  5.11278557721188158e-15
 -1.42580241712223660e-18 -3.42134528359704370e-21  1.85615313678516971e-24
  4.26934541004048301e-26 -1.79549509577387055e-29 -6.01896358806405198e-31
B0531+21   17-Jul-15  153000.00   57220.64583333320             0.000245 -0.498 -8.572
     83659724.798905   29.664667017462  aro  300   12   610.000                
  4.19541329993699521e-09  2.60368726574733492e-02 -3.66109410168326640e-06
  5.63385193097075710e-10  6.19069931457143582e-12 -5.46356704796343102e-16
 -3.91755589289250666e-18  9.60905629213280427e-22  9.47256991040932429e-26
 -3.63743763713398357e-26  1.48402248745563168e-29  6.18430618161833780e-31
B0531+21   17-Jul-15  203000.00   57220.85416666660             0.000243 -0.492 -8.444
     84193696.348256   29.664667017462  aro  300   12   610.000                
 -4.14760230416760304e-09  2.45849613558081770e-02 -3.98245437246577459e-07
  5.61456590130685512e-09  9.83304273969434238e-13 -5.37919114179722743e-15
 -6.58622163498249115e-19  2.92131113023767869e-21  6.71262846954554024e-25
 -2.46191277315481304e-26  5.21067530809464170e-30  4.02314855124563307e-31
B0531+21   18-Jul-15   13000.00   57221.06249999990             0.000241 -0.500 -8.465
     84727667.840701   29.664667017462  aro  300   12   610.000                
 -2.08116975489538482e-10  2.57537066474502301e-02  3.78210115842589572e-06
  2.30061236487280575e-09 -5.68833415325177768e-12 -2.17730083196109278e-15
  3.54535512401487314e-18 -1.24690985332083354e-21  2.50505594310512590e-24
  8.58295920106934995e-26 -5.71686119974607501e-29 -1.22349001166147105e-30
B0531+21   18-Jul-15   53000.00   57221.22916666660             0.000240 -0.513 -8.474
     85154845.456477   29.664667017462  aro  300   12   610.000                
 -4.21449399880415411e-09  2.76337491832637817e-02  3.35829383074891938e-06
 -3.36822580578686661e-09 -5.01585320682371469e-12  3.22625907104829621e-15
  3.22659126868731469e-18 -2.03107593439165134e-21 -2.37432974712849993e-24
  2.69101460504756382e-26  2.45902384473204657e-29 -4.23220129910277474e-31
B0531+21   18-Jul-15  103000.00   57221.43749999990             0.000238 -0.519 -8.476
     85688817.933287   29.664667017462  aro  300   12   610.000                
 -2.33079359095049508e-09  2.83656313194952416e-02 -1.21638104011637720e-06
 -5.29525306408913166e-09  2.27958597246562814e-12  5.09062365972033856e-15
 -1.52070683439250479e-18 -4.42575937016943750e-21  3.32251480523046578e-24
  8.22449266621310169e-26 -4.24988962311940262e-29 -1.15878333586435549e-30
B0531+21   18-Jul-15  153000.00   57221.64583333320             0.000236 -0.512 -8.573
     86222790.226012   29.664667017462  aro  300   12   610.000                
  3.51672727289480515e-09  2.66256390074923605e-02 -3.66348784412273264e-06
  6.60655016891359529e-10  6.17931375341576681e-12 -6.54353306094645154e-16
 -3.92015911310396394e-18  2.33672115223209430e-21  3.46352108179624978e-25
 -9.13748108092388662e-26  1.22467093093345066e-29  1.45916698198161591e-30
B0531+21   18-Jul-15  203000.00   57221.85416666660             0.000235 -0.506 -8.379
     86756761.954096   29.664667017462  aro  300   12   610.000                
 -8.71312950957724264e-09  2.51938295442906413e-02 -3.41610503779337993e-07
  5.62910207286859562e-09  8.76451479692030775e-13 -5.39051266949337974e-15
 -5.01217228372434899e-19  2.67710998825164744e-21 -2.68881235203633843e-24
 -1.49244879537555974e-26  5.04673423647982813e-29  2.79806163778940367e-31
B0531+21   19-Jul-15   13000.00   57222.06249999990             0.000233 -0.515 -8.459
     87290733.633849   29.664667017462  aro  300   12   610.000                
 -3.11878501987211156e-09  2.63894631826852299e-02  3.79896562493493484e-06
  2.21082412019392481e-09 -5.73081630229038021e-12 -2.10752202585801680e-15
  3.58644436794490660e-18  2.95401415666150370e-23  1.48135913546953905e-24
  3.77386190448070271e-26 -3.69612990540890009e-29 -5.72475065651354331e-31
B0531+21   19-Jul-15   53000.00   57222.22916666660             0.000232 -0.527 -8.460
     87717911.401867   29.664667017462  aro  300   12   610.000                
 -5.17759331719255811e-09  2.82612224059252820e-02  3.30831228629836359e-06
 -3.44657511492089192e-09 -4.95194299728173195e-12  3.28350418510529582e-15
  3.20691116396668807e-18 -6.13166650828833930e-22 -3.22238316713133218e-24
 -2.67955983092141047e-26  3.44245568272996555e-29  3.17775958187969510e-31
B0531+21   19-Jul-15  103000.00   57222.43749999990             0.000230 -0.533 -8.516
     88251884.060968   29.664667017462  aro  300   12   610.000                
 -3.72548928492673180e-09  2.89511525574761390e-02 -1.28847367933584618e-06
 -5.25861613930746573e-09  2.37887681596940050e-12  5.03185321003036180e-15
 -1.60107482927835132e-18 -2.03015766069835448e-21  4.45608803060631530e-24
 -1.83711231667080710e-26 -6.41296147688529517e-29  3.63187730061235778e-31
B0531+21   19-Jul-15  153000.00   57222.64583333320             0.000229 -0.526 -8.478
     88785856.524525   29.664667017462  aro  300   12   610.000                
  1.59264864773596805e-09  2.71862650610731546e-02 -3.66504082887804953e-06
  7.57475503181109851e-10  6.16646279535698833e-12 -7.08519959922715130e-16
 -3.97040324713563260e-18 -1.08184705749683923e-21  2.88402455724021262e-24
  4.84725603670846448e-26 -2.52263504982182116e-29 -6.32044799031057290e-31
B0531+21   19-Jul-15  203000.00   57222.85416666660             0.000227 -0.520 -8.478
     89319828.422957   29.664667017462  aro  300   12   610.000                
 -7.01893597681519711e-09  2.57748374266189920e-02 -2.85112326354003878e-07
  5.64202916644765966e-09  7.70083987827635281e-13 -5.40328710056061427e-15
 -3.91553943178872003e-19  2.36357149233322626e-21 -5.00977771038048005e-24
  7.60020245497480621e-27  9.21717181847014350e-29 -1.58266777875552350e-31
B0531+21   20-Jul-15   13000.00   57223.06249999990             0.000226 -0.529 -8.471
     89853800.281605   29.664667017462  aro  300   12   610.000                
 -2.45124466870046847e-09  2.69968679067000179e-02  3.81448185356791547e-06
  2.12031736375864356e-09 -5.77170146825233936e-12 -2.02265206352721036e-15
  3.61056947453546919e-18  1.91966787591887384e-22  1.94761942949977161e-24
  2.63955424859052007e-26 -4.96586440257091616e-29 -3.56952841636110079e-31
B0531+21   20-Jul-15   53000.00   57223.22916666660             0.000224 -0.541 -8.496
     90280978.194980   29.664667017462  aro  300   12   610.000                
 -3.70016125301436791e-09  2.88596831915611807e-02  3.25713220550766068e-06
 -3.52406509843264773e-09 -4.88641845886750784e-12  3.36985412139047559e-15
  3.17154668813981845e-18 -1.48227535619030676e-21 -3.77069093015033635e-24
 -7.11271546626716759e-28  4.75329381463330113e-29  4.86883935848865549e-33
B0531+21   20-Jul-15  103000.00   57223.43749999990             0.000223 -0.547 -8.453
     90814951.027596   29.664667017462  aro  300   12   610.000                
 -5.65799979292321844e-09  2.95073272851617413e-02 -1.36040004542068652e-06
 -5.22047718338341603e-09  2.47765108958282530e-12  4.99268330503121513e-15
 -1.66768415569886229e-18 -1.92595152622672650e-21  4.04413682762021554e-24
 -1.79903666613905693e-26 -5.13486321681751017e-29  3.21337195114440817e-31
B0531+21   20-Jul-15  153000.00   57223.64583333320             0.000221 -0.539 -8.538
     91348923.653230   29.664667017462  aro  300   12   610.000                
  7.15501439472093813e-10  2.77179411844647276e-02 -3.66571251450562931e-06
  8.54288943596819104e-10  6.15118788634586793e-12 -8.07979924730261813e-16
 -3.95834604973866445e-18 -2.74098060752338865e-22  2.67498117295946052e-24
  1.22317530053981399e-26 -1.82029743428779077e-29 -2.31742301576661235e-32
B0531+21   20-Jul-15  203000.00   57223.85416666660             0.000220 -0.534 -8.421
     91882895.713385   29.664667017462  aro  300   12   610.000                
 -7.31925417157889391e-09  2.63271922472532553e-02 -2.28731242597082408e-07
  5.65322618550843793e-09  6.64378537763372213e-13 -5.40988928205480848e-15
 -4.06092871277306948e-19  2.22882416054768094e-21 -5.46852622863042489e-25
  5.00477903024203740e-27  9.85097354794653813e-30 -1.68260752635411948e-32
B0531+21   21-Jul-15   13000.00   57224.06249999990             0.000219 -0.543 -8.493
     92416867.742279   29.664667017462  aro  300   12   610.000                
 -2.57093282407305562e-09  2.75751403117909730e-02  3.82867412470275277e-06
  2.02918946900693454e-09 -5.81023742946853652e-12 -1.93640341361599033e-15
  3.56809549329097623e-18  1.69918489378177650e-22  5.37063938078225341e-24
  2.79549853773846528e-26 -1.10314457060373570e-28 -4.10206632858514161e-31
B0531+21   21-Jul-15   53000.00   57224.22916666660             0.000217 -0.555 -8.405
     92844045.793939   29.664667017462  aro  300   12   610.000                
 -3.35944305889101396e-09  2.94283691430686292e-02  3.20480172908330021e-06
 -3.60048818644678637e-09 -4.81995710731011934e-12  3.45261989690277954e-15
  3.18233658294914086e-18 -2.11940504537306848e-21 -5.93578139480255672e-24
  1.29904171076400878e-26  7.85106001215640054e-29 -5.68619117618752578e-32
B0531+21   21-Jul-15  103000.00   57224.43749999990             0.000216 -0.561 -8.430
     93378018.791072   29.664667017462  aro  300   12   610.000                
  1.08940888036495275e-09  3.00334245839501517e-02 -1.43210256921352062e-06
 -5.18085048980237152e-09  2.57520911647095826e-12  4.96616921245127259e-15
 -1.72736848821920586e-18 -3.12537841930066209e-21  4.74262465901344057e-24
  3.59952447097269279e-26 -7.12799148749772746e-29 -5.35207461046154650e-31
B0531+21   21-Jul-15  153000.00   57224.64583333320             0.000215 -0.553 -8.478
     93911991.569812   29.664667017462  aro  300   12   610.000                
  1.51712592199459853e-10  2.82199613586386691e-02 -3.66547736218461775e-06
  9.50859883011695588e-10  6.13408242076581859e-12 -9.07226992516807965e-16
 -3.94332185074876906e-18  4.65755210255874477e-22  2.75261576939315344e-24
 -1.77802525780676454e-26 -2.40587413428897483e-29  4.30782924149339884e-31
B0531+21   21-Jul-15  203000.00   57224.85416666660             0.000213 -0.547 -8.502
     94445963.782856   29.664667017462  aro  300   12   610.000                
 -3.67635382521067464e-09  2.68501977352486286e-02 -1.72452405603896165e-07
  5.66275728802667268e-09  5.57646914172919057e-13 -5.41390507854758455e-15
 -3.07925391989327682e-19  1.83875817296324061e-21 -2.07451105776645461e-24
  2.02965207341904140e-26  3.49947488348492823e-29 -2.47538359567679221e-31
B0531+21   22-Jul-15   13000.00   57225.06249999990             0.000212 -0.557 -8.550
     94979935.973139   29.664667017462  aro  300   12   610.000                
 -6.72705440146520364e-09  2.81235923318453075e-02  3.84157304787089974e-06
  1.93743373314340406e-09 -5.84925899993237706e-12 -1.84432323888004172e-15
  3.77565531204007042e-18 -2.35235426092049707e-22 -3.08982309795057581e-24
  4.13348291430420337e-26  2.75057040710981373e-29 -5.84432983138098507e-31
B0531+21   22-Jul-15   53000.00   57225.22916666660             0.000211 -0.569 -8.474
     95407114.155850   29.664667017462  aro  300   12   610.000                
 -4.69252106213453586e-09  2.99666065468922188e-02  3.15135564139016025e-06
 -3.67568303962641191e-09 -4.75085592823420944e-12  3.50392889725516866e-15
  3.06691817244552997e-18 -4.53597877438352441e-22 -2.95242817441358380e-24
 -4.79487267131926866e-26  3.56769268333840802e-29  7.44319150893587356e-31
B0531+21   22-Jul-15  103000.00   57225.43749999990             0.000209 -0.574 -8.474
     95941087.308303   29.664667017462  aro  300   12   610.000                
 -1.53650212759065324e-09  3.05287975574492706e-02 -1.50354416534531108e-06
 -5.13971051910916212e-09  2.67270916850976013e-12  4.94006490878862673e-15
 -1.83363330833772183e-18 -4.37152242727939886e-21  6.45234756521735525e-24
  8.92625544952957463e-26 -9.37493736237865903e-29 -1.35255623592177952e-30
B0531+21   22-Jul-15  153000.00   57225.64583333320             0.000208 -0.566 -8.541
     96475060.230988   29.664667017462  aro  300   12   610.000                
  2.26481833315672165e-09  2.86916990536644420e-02 -3.66431567816999837e-06
  1.04719346497197947e-09  6.11598176170705263e-12 -1.01121630480187893e-15
 -4.02781664088217438e-18  1.34592229377172761e-21  7.71028007984027010e-24
 -4.32966979375617578e-26 -1.11049779402438308e-28  7.06248026459146467e-31
B0531+21   22-Jul-15  203000.00   57225.85416666660             0.000207 -0.561 -8.395
     97009032.587897   29.664667017462  aro  300   12   610.000                
 -9.25780771550927500e-09  2.73432338357364052e-02 -1.16273932155295567e-07
  5.67065695022549336e-09  4.50981761297835172e-13 -5.41990711500900078e-15
 -2.47579415017184903e-19  1.53874304810919507e-21 -1.64883675302858260e-24
  3.75391892650003125e-26  2.78383056472452415e-29 -5.68586865495954580e-31
B0531+21   23-Jul-15   13000.00   57226.06249999990             0.000206 -0.571 -8.438
     97543004.930527   29.664667017462  aro  300   12   610.000                
 -4.88352300558977828e-09  2.86416084762688115e-02  3.85317867009088381e-06
  1.84519114835937253e-09 -5.88391637538189144e-12 -1.77058050748993746e-15
  3.70762278247774116e-18  1.03817769145317004e-21  5.75484531805616426e-25
 -8.96331699896995920e-27 -2.73805371718213738e-29  1.06957494279242054e-31
B0531+21   23-Jul-15   50000.00   57226.20833333330             0.000205 -0.581 -8.448
     97916785.925034   29.664667017462  aro  300   12   610.000                
  2.35055076436142102e-09  3.02783777624778781e-02  3.40811576707821349e-06
 -3.15764867599319880e-09 -5.17583956268778013e-12  3.02460541045516100e-15
  3.18771385911944724e-18 -1.61509001498562006e-21  3.98778804991070666e-24
  2.78268815797182498e-27 -8.19432386334564617e-29  6.22651061437187447e-32
B0531+21   23-Jul-15  100000.00   57226.41666666660             0.000203 -0.588 -8.433
     98450759.203698   29.664667017462  aro  300   12   610.000                
 -2.77557928192372571e-09  3.10733075318514948e-02 -1.10235112694739193e-06
 -5.38425004415598542e-09  2.01523827733497458e-12  5.15303519402744484e-15
 -1.32346389261451506e-18 -2.34008864001968547e-21  1.39857674990401097e-24
 -7.55727695358338680e-27 -5.41384889362305648e-30  2.30019967712471001e-31
B0531+21   23-Jul-15  150000.00   57226.62499999990             0.000202 -0.581 -8.532
     98984732.314759   29.664667017462  aro  300   12   610.000                
 -8.90926115810342220e-10  2.93547510562116309e-02 -3.73192680471538713e-06
  4.04091202492460174e-10  6.20553704206255109e-12 -3.94238300344612243e-16
 -3.89152190567949352e-18  6.11101698957048431e-22 -2.52115191140628665e-24
 -1.49610471727001162e-26  7.12089587388460811e-29  1.76200832847278634e-31
B0531+21   23-Jul-15  200000.00   57226.83333333330             0.000201 -0.574 -8.447
     99518704.849267   29.664667017462  aro  300   12   610.000                
 -6.63149749033665743e-10  2.78246261709871288e-02 -5.67798797732176728e-07
  5.58689777687972816e-09  1.15581602190174366e-12 -5.36077963721146464e-15
 -8.63638333345380415e-19  3.32373765154675369e-21  6.54909833826240114e-24
 -3.38068708981739445e-26 -1.10512055758854276e-28  4.67172788260888902e-31
B0531+21   24-Jul-15   10000.00   57227.04166666660             0.000200 -0.583 -8.456
    100052677.298979   29.664667017462  aro  300   12   610.000                
 -6.47417837004412352e-09  2.89021904444857411e-02  3.67435116081637268e-06
  2.44536978790370626e-09 -5.61609401232964365e-12 -2.33671864059154439e-15
  3.56168081250510017e-18  7.40912005270812030e-22  1.06505005340039008e-25
  5.43332864798492381e-27 -2.54861940258334988e-29  3.03018090260714384e-33
B0531+21   24-Jul-15   50000.00   57227.20833333330             0.000199 -0.595 -8.436
    100479855.666311   29.664667017462  aro  300   12   610.000                
  1.11566595677140977e-09  3.07571042581923290e-02  3.35949651323016695e-06
 -3.23852379057412314e-09 -5.11535778577198422e-12  3.08507921844127531e-15
  3.10770605038310522e-18 -5.73600538322429842e-22  6.00129695839263031e-24
 -2.45109798174461432e-26 -1.15132750173105511e-28  2.67772551858063766e-31
B0531+21   24-Jul-15  100000.00   57227.41666666660             0.000198 -0.601 -8.530
    101013829.082671   29.664667017462  aro  300   12   610.000                
 -1.46619535844844882e-09  3.15099188430702989e-02 -1.17659084210685798e-06
 -5.35191722464286747e-09  2.11498699787343572e-12  5.14058848425029544e-15
 -1.27782885772810061e-18 -3.79198286608599863e-21 -2.93974434500711898e-24
  4.64141081771864395e-26  5.74058132439911480e-29 -5.22390908737708946e-31
B0531+21   24-Jul-15  150000.00   57227.62499999990             0.000196 -0.594 -8.499
    101547802.319610   29.664667017462  aro  300   12   610.000                
 -5.16653040771327234e-09  2.97643869943877946e-02 -3.73755146995460787e-06
  5.01575249467393887e-10  6.19798684215300739e-12 -4.82716617434683895e-16
 -4.01501492857776105e-18  8.93541987716360403e-23  3.97481056401213887e-24
  1.02830126659791823e-26 -4.23676273116988827e-29 -2.14947502573698679e-31
B0531+21   24-Jul-15  200000.00   57227.83333333330             0.000195 -0.587 -8.461
    102081774.978851   29.664667017462  aro  300   12   610.000                
 -3.73662252141075232e-09  2.82527936759152803e-02 -5.12792967966139005e-07
  5.60409903681166002e-09  1.04993130508931464e-12 -5.35905089032576644e-15
 -7.21628385657278073e-19  1.85994773533696151e-21  2.42271351253961119e-24
  1.92441955740116487e-26 -3.37066937326563962e-29 -2.39760915095620829e-31
B0531+21   25-Jul-15   10000.00   57228.04166666660             0.000194 -0.596 -8.456
    102615747.561587   29.664667017462  aro  300   12   610.000                
 -6.59897828548860815e-09  2.93569622163896392e-02  3.69165034111630685e-06
  2.35662420748860523e-09 -5.66106131669898171e-12 -2.24644960646201970e-15
  3.56530256051188699e-18  3.93170799378128834e-22  1.12426286113648342e-24
  1.36131576914918439e-26 -4.03720665466622066e-29 -8.39163896650148506e-32
B0531+21   25-Jul-15   50000.00   57228.20833333330             0.000193 -0.608 -8.375
    103042926.037755   29.664667017462  aro  300   12   610.000                
 -1.37393054843327339e-09  3.12038424581060209e-02  3.30978496508269630e-06
 -3.31859612608161196e-09 -5.05337847868546197e-12  3.16744184797278654e-15
  3.02880197590631268e-18 -6.54961385382167573e-22  7.89253221049704207e-24
 -3.72132104259358238e-26 -1.46383919890994232e-28  6.19839652103668421e-31
B0531+21   25-Jul-15  100000.00   57228.41666666660             0.000192 -0.614 -8.506
    103576899.582152   29.664667017462  aro  300   12   610.000                
 -3.65197163062535907e-09  3.19142614993463553e-02 -1.25058546325649961e-06
 -5.31782962198981687e-09  2.21699535038596305e-12  5.09401783934879797e-15
 -1.51428170864435854e-18 -2.43136473945517618e-21  4.68172622601684197e-24
 -9.89211979505992059e-27 -6.32186679649976808e-29  3.35083036925501607e-31
B0531+21   25-Jul-15  150000.00   57228.62499999990             0.000191 -0.607 -8.474
    104110872.935345   29.664667017462  aro  300   12   610.000                
 -4.86017668105187322e-09  3.01422181018237458e-02 -3.74215005981905517e-06
  5.98909444699372334e-10  6.18680301184216763e-12 -5.73566753566232942e-16
 -3.92420125016052939e-18 -3.10718879855543241e-23  1.79171959492305532e-25
  1.72693166109362594e-26  1.91777543160170707e-29 -3.42988170083423394e-31
B0531+21   25-Jul-15  200000.00   57228.83333333330             0.000190 -0.600 -8.427
    104644845.709853   29.664667017462  aro  300   12   610.000                
  1.38518678369811853e-09  2.86495546891685250e-02 -4.57717352779171025e-07
  5.61985877718094202e-09  9.45090082010896315e-13 -5.39790040182419148e-15
 -7.34588706610623488e-19  3.98720555343675640e-21  6.05970845021185115e-24
 -6.41096867773169816e-26 -9.48454987294836690e-29  9.66750463325379095e-31
B0531+21   26-Jul-15   10000.00   57229.04166666660             0.000189 -0.609 -8.467
    105178818.416154   29.664667017462  aro  300   12   610.000                
 -6.74001699221669524e-09  2.97799572914794683e-02  3.70779185469052560e-06
  2.26726122612904225e-09 -5.70545349042698837e-12 -2.16315224795650241e-15
  3.69160992423106811e-18  2.66327921024863280e-22 -3.37389910015723544e-24
  2.56232551521825275e-26  2.99691338547648153e-29 -3.53288665563474292e-31
B0531+21   26-Jul-15   50000.00   57229.20833333330             0.000188 -0.621 -8.493
    105605996.993462   29.664667017462  aro  300   12   610.000                
  1.04311897017501671e-09  3.16182264091121670e-02  3.25903621075796183e-06
 -3.39761621523297572e-09 -4.99108938709166958e-12  3.24442357773191970e-15
  3.10051484598098243e-18 -8.97909232266095397e-22  2.22150845427657730e-24
 -2.65195431564300021e-26 -4.92362083115092179e-29  4.38181030883093922e-31
B0531+21   26-Jul-15  100000.00   57229.41666666660             0.000187 -0.627 -8.451
    106139970.656133   29.664667017462  aro  300   12   610.000                
 -7.76282034050509772e-09  3.22860061000754955e-02 -1.32424955160764410e-06
 -5.28220753823519683e-09  2.31508035358105881e-12  5.05919097737336761e-15
 -1.41217179914877307e-18 -2.40492847613433463e-21 -2.51913692670363915e-24
 -7.02222311147926537e-27  4.89412756152358724e-29  2.33453505526361628e-31
B0531+21   26-Jul-15  150000.00   57229.62499999990             0.000186 -0.619 -8.473
    106673944.115863   29.664667017462  aro  300   12   610.000                
 -9.74855084928205693e-10  3.04879477236806203e-02 -3.74568317634507693e-06
  6.96092238470855590e-10  6.17412352142461557e-12 -6.69775712515517182e-16
 -3.87350802381774545e-18  6.11745097395050398e-22 -1.53934891046148331e-24
 -1.78324098095263049e-26  4.36691459589661350e-29  3.19178427477843242e-31
B0531+21   26-Jul-15  200000.00   57229.83333333330             0.000185 -0.613 -8.512
    107207916.996085   29.664667017462  aro  300   12   610.000                
  8.62586764882483669e-10  2.90146345857095755e-02 -4.02533522348417960e-07
  5.63384095329908078e-09  8.39579181735568828e-13 -5.40844431454883545e-15
 -7.25089454561137041e-19  3.80467437392790218e-21  8.97207097156963093e-24
 -5.89934230275697579e-26 -1.44414021596372915e-28  9.25583085231909925e-31
B0531+21   27-Jul-15   10000.00   57230.04166666660             0.000184 -0.622 -8.446
    107741889.816413   29.664667017462  aro  300   12   610.000                
 -7.44424160799940027e-09  3.01709220984961272e-02  3.72281421457756239e-06
  2.17721110639948995e-09 -5.74658307580443930e-12 -2.08247217371937080e-15
  3.62271406383106696e-18  1.10089373686658569e-21  1.31296432562494868e-24
 -2.12786127454863030e-26 -4.84199444021339597e-29  4.75885136797654871e-31
B0531+21   27-Jul-15   50000.00   57230.20833333330             0.000183 -0.634 -8.456
    108169068.487106   29.664667017462  aro  300   12   610.000                
  1.56684063959384263e-09  3.20000294821047859e-02  3.20731127450626038e-06
 -3.47555407001824491e-09 -4.92586428583755299e-12  3.31000147140555713e-15
  2.97691488798202217e-18 -3.07773992204084688e-22  6.44073818988183101e-24
 -4.84486540622430366e-26 -1.21609134481208554e-28  7.57328699429499373e-31
B0531+21   27-Jul-15  100000.00   57230.41666666660             0.000182 -0.640 -8.427
    108703042.258225   29.664667017462  aro  300   12   610.000                
 -3.37300464057517903e-09  3.26249713592304119e-02 -1.39752349603273429e-06
 -5.24506645006620058e-09  2.41438203343941280e-12  5.03754121057188786e-15
 -1.51450208940212533e-18 -3.73642722235302226e-21 -6.66246224327488571e-25
  4.83096939289619044e-26  2.06263833594585745e-29 -5.84081579891711755e-31
B0531+21   27-Jul-15  150000.00   57230.62499999990             0.000181 -0.632 -8.400
    109237015.814729   29.664667017462  aro  300   12   610.000                
 -2.18037455060012594e-09  3.08014367958724597e-02 -3.74809119818331296e-06
  7.93099286640430057e-10  6.16005449323493119e-12 -7.62348479762678425e-16
 -3.86355621133742184e-18  4.98872347723688422e-22 -1.72166602514666022e-24
 -8.03468949510933773e-27  4.96992182799844960e-29  1.34280173908303400e-31
B0531+21   27-Jul-15  200000.00   57230.83333333330             0.000180 -0.626 -8.510
    109770988.791076   29.664667017462  aro  300   12   610.000                
  1.31611755103369478e-09  2.93479251095045170e-02 -3.47199063794804076e-07
  5.64616718588710770e-09  7.33570828042790088e-13 -5.41097351229535390e-15
 -6.67597385146583326e-19  2.73092910798024638e-21  9.31942329838778988e-24
 -8.66603009515620886e-27 -1.49745932245020413e-28  1.03619989856946994e-31
B0531+21   28-Jul-15   10000.00   57231.04166666660             0.000179 -0.635 -8.496
    110304961.715865   29.664667017462  aro  300   12   610.000                
 -7.96368945502320198e-09  3.05297793529130945e-02  3.73678310104119752e-06
  2.08649747128433013e-09 -5.78654575494035538e-12 -1.98502799733279600e-15
  3.63198951381417562e-18  2.76452126732304380e-23  1.77998701323156684e-24
  1.97802217681625237e-26 -5.14240529954314851e-29 -1.01322056247501607e-31
B0531+21   28-Jul-15   50000.00   57231.20833333330             0.000178 -0.647 -8.418
    110732140.472174   29.664667017462  aro  300   12   610.000                
 -9.24822403649216106e-11  3.23492097904733850e-02  3.15470242385494768e-06
 -3.55254838363333947e-09 -4.86087998934055459e-12  3.39128610689358353e-15
  3.04881589052226201e-18 -1.06522634951027076e-21  1.36757369486376325e-24
 -1.67347210921254292e-26 -4.04988932363519801e-29  2.46786572052094282e-31
B0531+21   28-Jul-15  100000.00   57231.41666666660             0.000177 -0.652 -8.492
    111266114.341911   29.664667017462  aro  300   12   610.000                
  4.75990220132613880e-10  3.29311692240472006e-02 -1.47030909487057124e-06
 -5.20628082006774885e-09  2.51307471039122522e-12  4.99482159180979827e-15
 -1.62455192601625624e-18 -3.18775221252722276e-21  1.73640035455965010e-24
  2.69927936985027127e-26 -2.24601085899747445e-29 -2.77812455118217702e-31
B0531+21   28-Jul-15  150000.00   57231.62499999990             0.000176 -0.644 -8.548
    111800087.985435   29.664667017462  aro  300   12   610.000                
  4.71227153258919722e-10  3.10827480864601484e-02 -3.74930131740571465e-06
  8.89906371154452080e-10  6.14475797369583607e-12 -8.59140082088288542e-16
 -3.90572270231078448e-18  8.93351875697571494e-22  3.60032174860260272e-25
 -2.22670793102991437e-26  1.80952201602956949e-29  3.44693361616135830e-31
B0531+21   28-Jul-15  200000.00   57231.83333333330             0.000175 -0.638 -8.425
    112334061.048343   29.664667017462  aro  300   12   610.000                
 -5.27801298245344468e-09  2.96495275961182088e-02 -2.91648063532511835e-07
  5.65685503847748400e-09  6.25579733780204829e-13 -5.41973238293908962e-15
 -4.13617468008403007e-19  2.56544705573699257e-21  4.15423701048362649e-25
  6.64377520411754445e-28 -1.24868224932672508e-30 -7.41473905442250477e-32
B0531+21   29-Jul-15   10000.00   57232.04166666660             0.000174 -0.647 -8.467
    112868034.068063   29.664667017462  aro  300   12   610.000                
 -6.54005252591585598e-09  3.08566680377074312e-02  3.74977475877795719e-06
  1.99518624788892926e-09 -5.82661924886381173e-12 -1.89041991874471017e-15
  3.85435416324060509e-18 -7.65582914359381077e-22 -7.76783924712859367e-24
  5.49858241950180263e-26  1.07183865489271699e-28 -6.89154894641930987e-31
B0531+21   29-Jul-15   50000.00   57232.20833333330             0.000174 -0.659 -8.530
    113295212.902256   29.664667017462  aro  300   12   610.000                
 -2.70543462532038862e-09  3.26659452783653742e-02  3.10129069299085615e-06
 -3.62841976908784289e-09 -4.79313091744023798e-12  3.45888498865161130e-15
  2.98962968698787666e-18 -5.19554828844608722e-22  1.82243066492593941e-24
 -4.36729519455518705e-26 -4.33306122453477417e-29  6.87644836698259368e-31
B0531+21   29-Jul-15  100000.00   57232.41666666660             0.000173 -0.665 -8.528
    113829186.860844   29.664667017462  aro  300   12   610.000                
 -3.17526297666591132e-09  3.32048365196843456e-02 -1.54250464370924510e-06
 -5.16590388188742353e-09  2.61034638352171282e-12  4.94634973986932169e-15
 -1.66087691240179822e-18 -2.40625466764557574e-21  3.41402354712181109e-25
 -4.01885174753102411e-28  6.51011549937079852e-30  9.96025192491871261e-32
B0531+21   29-Jul-15  150000.00   57232.62499999990             0.000172 -0.656 -8.519
    114363160.581716   29.664667017462  aro  300   12   610.000                
 -1.53063155060672684e-09  3.13321715965066902e-02 -3.74923162305700540e-06
  9.86429723067861175e-10  6.12658958697405148e-12 -9.50093340010756920e-16
 -3.84939002155822653e-18  8.22795877163138278e-22 -1.32077743649628121e-24
 -1.82663043786563081e-26  3.98947628958428289e-29  3.00629448079111946e-31
B0531+21   29-Jul-15  200000.00   57232.83333333330             0.000171 -0.651 -8.400
    114897133.721712   29.664667017462  aro  300   12   610.000                
  3.86337505529653096e-09  2.99197706821054607e-02 -2.35838968559579705e-07
  5.66589633263761473e-09  5.20436490070171174e-13 -5.42884218745388721e-15
 -5.11430229385292300e-19  2.75863269260837033e-21  8.24497941116483929e-24
 -1.36780167623874747e-26 -1.31624592162237862e-28  2.30487239453835245e-31
B0531+21   30-Jul-15   10000.00   57233.04166666660             0.000170 -0.660 -8.486
    115431106.826937   29.664667017462  aro  300   12   610.000                
  1.55192317506593243e-09  3.11519527507055742e-02  3.76184146451572934e-06
  1.90346230506201186e-09 -5.86155410207229922e-12 -1.83140246672710770e-15
  3.67889522739644506e-18  1.87000736039448074e-21  1.18187610961572339e-24
 -5.41812330370479082e-26 -3.34078181843581027e-29  9.40663102235319879e-31
B0531+21   30-Jul-15   50000.00   57233.20833333330             0.000169 -0.672 -8.433
    115858285.731375   29.664667017462  aro  300   12   610.000                
  2.07793064100630248e-09  3.29506374808437100e-02  3.04716294323327135e-06
 -3.70319204656720350e-09 -4.72271276474480194e-12  3.52602718044823110e-15
  2.77717305187649676e-18 -3.18774150829044933e-22  9.67029282877286941e-24
 -4.53605721782915415e-26 -1.72518999595017095e-28  5.96718065933482070e-31
B0531+21   30-Jul-15  100000.00   57233.41666666660             0.000168 -0.677 -8.451
    116392259.769175   29.664667017462  aro  300   12   610.000                
 -8.45933202938809576e-09  3.34464272823658607e-02 -1.61402918318056965e-06
 -5.12401788537335318e-09  2.70678012003227876e-12  4.89864697280412026e-15
 -1.67580866957870289e-18 -1.52038076237762977e-21 -1.97413477215259071e-24
 -3.92736325616678972e-26  4.42967738199208150e-29  6.96984411364031719e-31
B0531+21   30-Jul-15  150000.00   57233.62499999990             0.000167 -0.668 -8.533
    116926233.557863   29.664667017462  aro  300   12   610.000                
 -1.73086908501540520e-09  3.15502049837270079e-02 -3.74783008362862709e-06
  1.08264031063331474e-09  6.10734793803657349e-12 -1.03017969355580351e-15
 -3.85853490297819118e-18 -5.23316021269207525e-22 -6.10320427638168369e-25
  4.76635880551209963e-26  3.19075220023260837e-29 -7.93254036508880005e-31
B0531+21   30-Jul-15  200000.00   57233.83333333330             0.000167 -0.663 -8.521
    117460206.765630   29.664667017462  aro  300   12   610.000                
  4.79495460194359619e-11  3.01591789877632514e-02 -1.79722386716858168e-07
  5.67325108889800985e-09  4.13369076832813028e-13 -5.43356548942197921e-15
 -4.11138361640063145e-19  2.51843941286240471e-21  7.02717238482659622e-24
 -1.52411618555888765e-27 -1.15882087743369377e-28  1.54595693150112780e-32
B0531+21   31-Jul-15   10000.00   57234.04166666660             0.000166 -0.672 -8.472
    117994179.947095   29.664667017462  aro  300   12   610.000                
 -4.28298752409180775e-09  3.14161794998855520e-02  3.77304254291503156e-06
  1.81087462537104013e-09 -5.89731520543619041e-12 -1.70982042737636969e-15
  3.77281290570259753e-18 -7.75846711612149145e-22 -1.85825870573712622e-24
  3.86327243304446583e-26  1.28536855151708409e-29 -2.95755712839937251e-31
B0531+21   31-Jul-15   43000.00   57234.18750000000             0.000165 -0.683 -8.409
    118367961.520401   29.664667017462  aro  300   12   610.000                
  3.20137444524915210e-09  3.30146297308185552e-02  3.30623799453159763e-06
 -3.18739412543140174e-09 -5.15436534939742085e-12  3.01380831722819429e-15
  3.23021058957127758e-18  1.83631577301622894e-21  1.52673523023320136e-24
 -1.31122138959881048e-25 -4.37133472519509519e-29  1.95436345773828885e-30
B0531+21   31-Jul-15   93000.00   57234.39583333330             0.000164 -0.689 -8.486
    118901935.610198   29.664667017462  aro  300   12   610.000                
  1.07541949245369190e-09  3.37436299923651803e-02 -1.21377313436181063e-06
 -5.37232747894133014e-09  2.05125427231533667e-12  5.12870754260096918e-15
 -1.23365264725065927e-18 -1.04041305053281625e-21 -2.34663697086125822e-24
 -6.04751699596285727e-26  3.45338854562283435e-29  9.90446933388368338e-31
B0531+21   31-Jul-15  143000.00   57234.60416666660             0.000163 -0.681 -8.554
    119435909.512908   29.664667017462  aro  300   12   610.000                
 -3.95375274564758734e-09  3.19646919687282330e-02 -3.81802962417201504e-06
  4.40059085231290697e-10  6.20331035658158770e-12 -4.01558872372103773e-16
 -3.99647576178128958e-18 -1.51240529100051217e-21  3.49663701782917684e-24
  5.91587356943898422e-26 -4.20376144080286989e-29 -7.62096377910949991e-31
B0531+21   31-Jul-15  193000.00   57234.81250000000             0.000163 -0.675 -8.382
    119969882.823521   29.664667017462  aro  300   12   610.000                
  3.01734661310091413e-09  3.03910463236818987e-02 -6.31311144885652753e-07
  5.59364348066593946e-09  1.11763954744240542e-12 -5.37496809642443450e-15
 -8.79977736927801749e-19  3.87123907576008810e-21  7.05262566148962377e-24
 -4.97165983368506758e-26 -9.93143746535827531e-29  6.31521807409069497e-31
B0531+21    1-Aug-15    3000.00   57235.02083333330             0.000162 -0.683 -8.514
    120503856.037313   29.664667017462  aro  300   12   610.000                
 -2.12278296240413049e-09  3.14282266033016205e-02  3.59718615841351473e-06
  2.41293376080734861e-09 -5.63293309902776721e-12 -2.32464911293327966e-15
  3.58127528549262832e-18  2.45518755074247727e-21 -4.47604344933577453e-25
 -6.17759132567359681e-26 -1.73265396853236054e-29  9.40445089160840098e-31
B0531+21    1-Aug-15   43000.00   57235.18750000000             0.000161 -0.695 -8.351
    120931035.005969   29.664667017462  aro  300   12   610.000                
  5.03107509528371026e-09  3.32400980635164794e-02  3.25768781868767791e-06
 -3.26797505010331589e-09 -5.09309144813845718e-12  3.10453084970591564e-15
  3.12366942676614991e-18  1.65315201777783384e-22  4.65486959299175835e-24
 -5.58189830935389026e-26 -9.29555189167967440e-29  7.68634557903080560e-31
B0531+21    1-Aug-15   93000.00   57235.39583333330             0.000160 -0.701 -8.437
    121465009.157507   29.664667017462  aro  300   12   610.000                
  5.23350048026380841e-10  3.39271824893318946e-02 -1.28739024976630038e-06
 -5.33920841748019093e-09  2.15302651923693309e-12  5.09294098877755284e-15
 -1.40403730945907216e-18 -7.73560137381458679e-22  2.02092244747115007e-24
 -6.63499661594933730e-26 -2.74602569775654163e-29  1.03098855550842060e-30
B0531+21    1-Aug-15  143000.00   57235.60416666660             0.000160 -0.693 -8.501
    121998983.110247   29.664667017462  aro  300   12   610.000                
 -5.51767199079183685e-09  3.21217804112685981e-02 -3.82267715372788026e-06
  5.37651394594634981e-10  6.19393279095050965e-12 -5.10956077684876495e-16
 -3.98825795486447078e-18 -1.87978293437432768e-22  3.45930419457348683e-24
  1.35898201235723279e-26 -3.94592568671628300e-29 -1.67116842932903518e-31
B0531+21    1-Aug-15  193000.00   57235.81250000000             0.000159 -0.686 -8.446
    122532956.469912   29.664667017462  aro  300   12   610.000                
  4.55535477145936119e-09  3.05671872482542531e-02 -5.75630664978565306e-07
  5.61034904018223206e-09  1.01196942981980235e-12 -5.38304550230828648e-15
 -7.98792515399001710e-19  3.15891080970221423e-21  6.82175938756660958e-24
 -2.02037816064487399e-26 -1.01649519700962681e-28  1.83316423519552924e-31
B0531+21    2-Aug-15    3000.00   57236.02083333330             0.000158 -0.694 -8.443
    123066929.741166   29.664667017462  aro  300   12   610.000                
 -6.87941590129585137e-09  3.16312368768479901e-02  3.61475072149969222e-06
  2.32397087251957285e-09 -5.67809512739518529e-12 -2.22817821198300795e-15
  3.63911911045676860e-18  1.27396451744160679e-21 -9.34012125100372880e-25
 -1.38208999914347909e-26 -1.88757877276897409e-29  2.28203537447467997e-31
B0531+21    2-Aug-15   43000.00   57236.18750000000             0.000157 -0.706 -8.369
    123494108.758250   29.664667017462  aro  300   12   610.000                
  1.64303898630863165e-09  3.34351993959719068e-02  3.20831026603695607e-06
 -3.34766887794554708e-09 -5.03086686652803370e-12  3.19534774851960287e-15
  3.08242364190904099e-18 -1.09988332900522691e-21  4.59800591702197917e-24
 -6.20479822434551483e-27 -8.94170375455117336e-29  8.79654711928737093e-33
B0531+21    2-Aug-15   93000.00   57236.39583333330             0.000157 -0.712 -8.545
    124028082.962378   29.664667017462  aro  300   12   610.000                
 -5.56994880866091169e-09  3.40802378967982114e-02 -1.36050880559409642e-06
 -5.30465231640813763e-09  2.25160420353852379e-12  5.07878728561056526e-15
 -1.30984687241615370e-18 -2.38583445723918429e-21 -4.84346109045529378e-24
 -4.42016510055480192e-27  7.87806053954549756e-29  1.60958172102161048e-31
B0531+21    2-Aug-15  143000.00   57236.60416666660             0.000156 -0.704 -8.428
    124562056.956078   29.664667017462  aro  300   12   610.000                
 -4.67345046152302336e-09  3.22489631136101823e-02 -3.82611421689795614e-06
  6.34940479619089790e-10  6.18285418080526384e-12 -5.95986715145372123e-16
 -3.97327135631986947e-18 -1.07805634105317987e-21  2.74141512786889533e-24
  5.69887787833959289e-26 -2.36125582354575951e-29 -8.76842397260561270e-31
B0531+21    2-Aug-15  193000.00   57236.81250000000             0.000155 -0.698 -8.442
    125096030.355914   29.664667017462  aro  300   12   610.000                
  4.29287783823778193e-09  3.07139217819021176e-02 -5.19726161296904960e-07
  5.62543016069644345e-09  9.05382918143487682e-13 -5.40343855756961773e-15
 -6.54383454332131553e-19  3.65577019776499587e-21  3.74320120945315759e-24
 -3.94468982551895275e-26 -5.73319927544504008e-29  4.74748701388702500e-31
B0531+21    3-Aug-15    3000.00   57237.02083333330             0.000154 -0.706 -8.641
    125630003.675783   29.664667017462  aro  300   12   610.000                
 -3.94796688418954213e-09  3.18045470148441076e-02  3.63125955813032948e-06
  2.23441159755392646e-09 -5.72033088161159751e-12 -2.16114722331095900e-15
  3.58374408203981519e-18  3.07844528648147599e-21  3.12300952231363213e-24
 -9.34746020862538929e-26 -8.92528166438842489e-29  1.47298830732537934e-30
