262144
262141
262139
262136
262134
262131
262129
262126
262123
262121
262118
262116
262113
262111
262108
262105
262103
262100
262098
262095
262093
262090
262087
262085
262082
262080
262077
262074
262072
262069
262067
262064
262061
262059
262056
262053
262051
262048
262046
262043
262040
262038
262035
262032
262030
262027
262025
262022
262019
262017
262014
262011
262009
262006
262003
262001
261998
261995
261993
261990
261987
261985
261982
261979
261977
261974
261971
261969
261966
261963
261961
261958
261955
261952
261950
261947
261944
261942
261939
261936
261933
261931
261928
261925
261922
261920
261917
261914
261911
261909
261906
261903
261900
261898
261895
261892
261889
261887
261884
261881
261878
261875
261873
261870
261867
261864
261861
261859
261856
261853
261850
261847
261844
261842
261839
261836
261833
261830
261827
261825
261822
261819
261816
261813
261810
261807
261804
261802
261799
261796
261793
261790
261787
261784
261781
261778
261775
261772
261769
261767
261764
261761
261758
261755
261752
261749
261746
261743
261740
261737
261734
261731
261728
261725
261722
261719
261716
261713
261710
261707
261704
261701
261698
261695
261692
261689
261685
261682
261679
261676
261673
261670
261667
261664
261661
261658
261655
261651
261648
261645
261642
261639
261636
261633
261629
261626
261623
261620
261617
261614
261610
261607
261604
261601
261598
261594
261591
261588
261585
261582
261578
261575
261572
261569
261565
261562
261559
261556
261552
261549
261546
261542
261539
261536
261532
261529
261526
261522
261519
261516
261512
261509
261506
261502
261499
261496
261492
261489
261485
261482
261478
261475
261472
261468
261465
261461
261458
261454
261451
261447
261444
261441
261437
261434
261430
261427
261423
261419
261416
261412
261409
261405
261402
261398
261395
261391
261387
261384
261380
261377
261373
261369
261366
261362
261359
261355
261351
261348
261344
261340
261337
261333
261329
261326
261322
261318
261314
261311
261307
261303
261299
261296
261292
261288
261284
261281
261277
261273
261269
261265
261262
261258
261254
261250
261246
261242
261239
261235
261231
261227
261223
261219
261215
261211
261207
261203
261199
261196
261192
261188
261184
261180
261176
261172
261168
261164
261160
261156
261152
261148
261144
261139
261135
261131
261127
261123
261119
261115
261111
261107
261103
261099
261094
261090
261086
261082
261078
261074
261069
261065
261061
261057
261053
261048
261044
261040
261036
261031
261027
261023
261018
261014
261010
261006
261001
260997
260993
260988
260984
260979
260975
260971
260966
260962
260957
260953
260949
260944
260940
260935
260931
260926
260922
260917
260913
260908
260904
260899
260895
260890
260886
260881
260877
260872
260868
260863
260858
260854
260849
260845
260840
260835
260831
260826
260821
260817
260812
260807
260802
260798
260793
260788
260784
260779
260774
260769
260765
260760
260755
260750
260745
260741
260736
260731
260726
260721
260716
260711
260707
260702
260697
260692
260687
260682
260677
260672
260667
260662
260657
260652
260647
260642
260637
260632
260627
260622
260617
260612
260607
260602
260597
260592
260586
260581
260576
260571
260566
260561
260556
260550
260545
260540
260535
260530
260524
260519
260514
260509
260503
260498
260493
260488
260482
260477
260472
260466
260461
260456
260450
260445
260440
260434
260429
260423
260418
260413
260407
260402
260396
260391
260385
260380
260374
260369
260363
260358
260352
260347
260341
260336
260330
260324
260319
260313
260308
260302
260296
260291
260285
260279
260274
260268
260262
260257
260251
260245
260239
260234
260228
260222
260216
260211
260205
260199
260193
260188
260182
260176
260170
260164
260158
260152
260147
260141
260135
260129
260123
260117
260111
260105
260099
260093
260087
260081
260075
260069
260063
260057
260051
260045
260039
260033
260027
260021
260015
260008
260002
259996
259990
259984
259978
259971
259965
259959
259953
259947
259940
259934
259928
259922
259915
259909
259903
259897
259890
259884
259878
259871
259865
259859
259852
259846
259840
259833
259827
259820
259814
259807
259801
259795
259788
259782
259775
259769
259762
259756
259749
259743
259736
259730
259723
259716
259710
259703
259697
259690
259683
259677
259670
259664
259657
259650
259644
259637
259630
259623
259617
259610
259603
259596
259590
259583
259576
259569
259563
259556
259549
259542
259535
259529
259522
259515
259508
259501
259494
259487
259480
259473
259466
259460
259453
259446
259439
259432
259425
259418
259411
259404
259397
259390
259383
259376
259368
259361
259354
259347
259340
259333
259326
259319
259312
259304
259297
259290
259283
259276
259269
259261
259254
259247
259240
259232
259225
259218
259211
259203
259196
259189
259182
259174
259167
259160
259152
259145
259137
259130
259123
259115
259108
259101
259093
259086
259078
259071
259063
259056
259048
259041
259033
259026
259018
259011
259003
258996
258988
258981
258973
258966
258958
258951
258943
258935
258928
258920
258912
258905
258897
258890
258882
258874
258867
258859
258851
258843
258836
258828
258820
258813
258805
258797
258789
258781
258774
258766
258758
258750
258742
258735
258727
258719
258711
258703
258695
258688
258680
258672
258664
258656
258648
258640
258632
258624
258616
258608
258600
258592
258584
258576
258568
258560
258552
258544
258536
258528
258520
258512
258504
258496
258488
258480
258472
258464
258456
258448
258440
258431
258423
258415
258407
258399
258391
258383
258374
258366
258358
258350
258342
258333
258325
258317
258309
258300
258292
258284
258276
258267
258259
258251
258243
258234
258226
258218
258209
258201
258193
258184
258176
258168
258159
258151
258143
258134
258126
258118
258109
258101
258092
258084
258076
258067
258059
258050
258042
258033
258025
258016
258008
257999
257991
257982
257974
257966
257957
257948
257940
257931
257923
257914
257906
257897
257889
257880
257872
257863
257855
257846
257837
257829
257820
257812
257803
257794
257786
257777
257769
257760
257751
257743
257734
257725
257717
257708
257699
257691
257682
257673
257665
257656
257647
257639
257630
257621
257612
257604
257595
257586
257578
257569
257560
257551
257543
257534
257525
257516
257508
257499
257490
257481
257472
257464
257455
257446
257437
257428
257420
257411
257402
257393
257384
257376
257367
257358
257349
257340
257331
257323
257314
257305
257296
257287
257278
257269
257261
257252
257243
257234
257225
257216
257207
257199
257190
257181
257172
257163
257154
257145
257136
257127
257118
257110
257101
257092
257083
257074
257065
257056
257047
257038
257029
257020
257011
257002
256994
256985
256976
256967
256958
256949
256940
256931
256922
256913
256904
256895
256886
256877
256868
256859
256850
256841
256832
256824
256815
256806
256797
256788
256779
256770
256761
256752
256743
256734
256725
256716
256707
256698
256689
256680
256671
256662
256653
256644
256635
256626
256617
256608
256599
256590
256581
256573
256564
256555
256546
256537
256528
256519
256510
256501
256492
256483
256474
256465
256456
256447
256438
256429
256420
256411
256402
256393
256384
256376
256367
256358
256349
256340
256331
256322
256313
256304
256295
256286
256277
256268
256260
256251
256242
256233
256224
256215
256206
256197
256188
256179
256171
256162
256153
256144
256135
256126
256117
256108
256100
256091
256082
256073
256064
256055
256046
256038
256029
256020
256011
256002
255993
255985
255976
255967
255958
255949
255941
255932
255923
255914
255906
255897
255888
255879
255871
255862
255853
255844
255836
255827
255818
255809
255801
255792
255783
255775
255766
255757
255749
255740
255731
255723
255714
255705
255697
255688
255679
255671
255662
255653
255645
255636
255628
255619
255610
255602
255593
255585
255576
255568
255559
255551
255542
255534
255525
255517
255508
255500
255491
255483
255474
255466
255457
255449
255440
255432
255424
255415
255407
255398
255390
255382
255373
255365
255356
255348
255340
255331
255323
255315
255307
255298
255290
255282
255273
255265
255257
255249
255241
255232
255224
255216
255208
255200
255191
255183
255175
255167
255159
255151
255143
255135
255126
255118
255110
255102
255094
255086
255078
255070
255062
255054
255046
255038
255030
255022
255015
255007
254999
254991
254983
254975
254967
254959
254952
254944
254936
254928
254920
254913
254905
254897
254889
254882
254874
254866
254859
254851
254843
254836
254828
254820
254813
254805
254798
254790
254783
254775
254767
254760
254752
254745
254738
254730
254723
254715
254708
254700
254693
254686
254678
254671
254664
254656
254649
254642
254635
254627
254620
254613
254606
254599
254591
254584
254577
254570
254563
254556
254549
254542
254535
254528
254521
254514
254507
254500
254493
254486
254479
254472
254465
254458
254452
254445
254438
254431
254424
254418
254411
254404
254397
254391
254384
254378
254371
254364
254358
254351
254345
254338
254332
254325
254319
254312
254306
254299
254293
254286
254280
254274
254267
254261
254255
254249
254242
254236
254230
254224
254218
254211
254205
254199
254193
254187
254181
254175
254169
254163
254157
254151
254145
254139
254133
254128
254122
254116
254110
254104
254099
254093
254087
254082
254076
254070
254065
254059
254053
254048
254042
254037
254031
254026
254021
254015
254010
254004
253999
253994
253988
253983
253978
253973
253967
253962
253957
253952
253947
253942
253937
253932
253927
253922
253917
253912
253907
253902
253897
253892
253888
253883
253878
253873
253869
253864
253859
253855
253850
253845
253841
253836
253832
253827
253823
253818
253814
253810
253805
253801
253797
253792
253788
253784
253780
253776
253771
253767
253763
253759
253755
253751
253747
253743
253739
253735
253732
253728
253724
253720
253716
253713
253709
253705
253702
253698
253695
253691
253688
253684
253681
253677
253674
253670
253667
253664
253660
253657
253654
253651
253648
253645
253641
253638
253635
253632
253629
253626
253624
253621
253618
253615
253612
253609
253607
253604
253601
253599
253596
253594
253591
253588
253586
253584
253581
253579
253576
253574
253572
253570
253567
253565
253563
253561
253559
253557
253555
253553
253551
253549
253547
253545
253543
253542
253540
253538
253537
253535
253533
253532
253530
253529
253527
253526
253524
253523
253522
253520
253519
253518
253517
253516
253514
253513
253512
253511
253510
253509
253508
253508
253507
253506
253505
253505
253504
253503
253503
253502
253501
253501
253501
253500
253500
253499
253499
253499
253499
253498
253498
253498
253498
253498
253498
253498
253498
253498
253498
253498
253499
253499
253499
253500
253500
253500
253501
253501
253502
253502
253503
253504
253504
253505
253506
253507
253508
253509
253509
253510
253511
253513
253514
253515
253516
253517
253518
253520
253521
253522
253524
253525
253527
253528
253530
253532
253533
253535
253537
253539
253541
253542
253544
253546
253548
253550
253553
253555
253557
253559
253561
253564
253566
253568
253571
253573
253576
253579
253581
253584
253587
253589
253592
253595
253598
253601
253604
253607
253610
253613
253616
253619
253623
253626
253629
253633
253636
253640
253643
253647
253650
253654
253658
253661
253665
253669
253673
253677
253681
253685
253689
253693
253697
253702
253706
253710
253715
253719
253723
253728
253733
253737
253742
253747
253751
253756
253761
253766
253771
253776
253781
253786
253791
253796
253801
253807
253812
253817
253823
253828
253834
253839
253845
253851
253857
253862
253868
253874
253880
253886
253892
253898
253904
253910
253917
253923
253929
253936
253942
253949
253955
253962
253968
253975
253982
253989
253995
254002
254009
254016
254023
254030
254038
254045
254052
254059
254067
254074
254082
254089
254097
254104
254112
254120
254128
254136
254143
254151
254159
254168
254176
254184
254192
254200
254209
254217
254225
254234
254243
254251
254260
254269
254277
254286
254295
254304
254313
254322
254331
254340
254349
254359
254368
254377
254387
254396
254406
254416
254425
254435
254445
254455
254464
254474
254484
254494
254505
254515
254525
254535
254546
254556
254566
254577
254588
254598
254609
254620
254630
254641
254652
254663
254674
254685
254696
254708
254719
254730
254742
254753
254765
254776
254788
254799
254811
254823
254835
254847
254859
254871
254883
254895
254907
254920
254932
254944
254957
254969
254982
254994
255007
255020
255033
255046
255059
255072
255085
255098
255111
255124
255138
255151
255164
255178
255191
255205
255219
255232
255246
255260
255274
255288
255302
255316
255330
255345
255359
255373
255388
255402
255417
255431
255446
255461
255475
255490
255505
255520
255535
255550
255566
255581
255596
255612
255627
255642
255658
255674
255689
255705
255721
255737
255753
255769
255785
255801
255817
255834
255850
255866
255883
255899
255916
255933
255949
255966
255983
256000
256017
256034
256051
256068
256085
256103
256120
256138
256155
256173
256190
256208
256226
256244
256262
256280
256298
256316
256334
256352
256371
256389
256407
256426
256445
256463
256482
256501
256520
256539
256558
256577
256596
256615
256634
256653
256673
256692
256712
256732
256751
256771
256791
256811
256831
256851
256871
256891
256911
256931
256952
256972
256993
257013
257034
257055
257075
257096
257117
257138
257159
257180
257202
257223
257244
257266
257287
257309
257330
257352
257374
257395
257417
257439
257461
257484
257506
257528
257550
257573
257595
257618
257640
257663
257686
257709
257731
257754
257777
257801
257824
257847
257870
257894
257917
257941
257964
257988
258012
258036
258060
258084
258108
258132
258156
258180
258204
258229
258253
258278
258303
258327
258352
258377
258402
258427
258452
258477
258502
258527
258553
258578
258604
258629
258655
258681
258707
258732
258758
258784
258810
258837
258863
258889
258916
258942
258969
258995
259022
259049
259076
259102
259129
259156
259184
259211
259238
259265
259293
259320
259348
259376
259403
259431
259459
259487
259515
259543
259571
259600
259628
259656
259685
259714
259742
259771
259800
259829
259857
259887
259916
259945
259974
260003
260033
260062
260092
260121
260151
260181
260211
260241
260271
260301
260331
260361
260392
260422
260452
260483
260514
260544
260575
260606
260637
260668
260699
260730
260761
260793
260824
260856
260887
260919
260950
260982
261014
261046
261078
261110
261142
261175
261207
261239
261272
261304
261337
261370
261403
261435
261468
261501
261535
261568
261601
261634
261668
261701
261735
261769
261802
261836
261870
261904
261938
261972
262006
262041
262075
262109
262144
262179
262213
262248
262283
262318
262353
262388
262423
262458
262494
262529
262564
262600
262636
262671
262707
262743
262779
262815
262851
262887
262924
262960
262996
263033
263069
263106
263143
263180
263217
263254
263291
263328
263365
263402
263440
263477
263515
263552
263590
263628
263666
263704
263742
263780
263818
263856
263895
263933
263972
264010
264049
264088
264126
264165
264204
264243
264283
264322
264361
264401
264440
264480
264519
264559
264599
264639
264679
264719
264759
264799
264839
264880
264920
264961
265001
265042
265083
265123
265164
265205
265246
265288
265329
265370
265412
265453
265495
265536
265578
265620
265662
265704
265746
265788
265830
265873
265915
265957
266000
266043
266085
266128
266171
266214
266257
266300
266343
266387
266430
266473
266517
266561
266604
266648
266692
266736
266780
266824
266868
266912
266957
267001
267046
267090
267135
267180
267225
267270
267315
267360
267405
267450
267495
267541
267586
267632
267677
267723
267769
267815
267861
267907
267953
267999
268046
268092
268138
268185
268232
268278
268325
268372
268419
268466
268513
268560
268608
268655
268702
268750
268798
268845
268893
268941
268989
269037
269085
269133
269181
269230
269278
269327
269375
269424
269473
269522
269570
269619
269669
269718
269767
269816
269866
269915
269965
270014
270064
270114
270164
270214
270264
270314
270364
270415
270465
270515
270566
270617
270667
270718
270769
270820
270871
270922
270973
271025
271076
271127
271179
271230
271282
271334
271386
271438
271490
271542
271594
271646
271699
271751
271803
271856
271909
271961
272014
272067
272120
272173
272226
272280
272333
272386
272440
272493
272547
272601
272655
272708
272762
272816
272871
272925
272979
273033
273088
273142
273197
273252
273306
273361
273416
273471
273526
273581
273637
273692
273747
273803
273858
273914
273970
274026
274082
274138
274194
274250
274306
274362
274419
274475
274532
274588
274645
274702
274759
274815
274872
274930
274987
275044
275101
275159
275216
275274
275331
275389
275447
275505
275563
275621
275679
275737
275796
275854
275912
275971
276029
276088
276147
276206
276265
276324
276383
276442
276501
276560
276620
276679
276739
276799
276858
276918
276978
277038
277098
277158
277218
277278
277339
277399
277460
277520
277581
277642
277702
277763
277824
277885
277946
278008
278069
278130
278192
278253
278315
278376
278438
278500
278562
278624
278686
278748
278810
278873
278935
278997
279060
279123
279185
279248
279311
279374
279437
279500
279563
279626
279689
279753
279816
279880
279943
280007
280071
280134
280198
280262
280326
280391
280455
280519
280583
280648
280712
280777
280842
280906
280971
281036
281101
281166
281231
281296
281362
281427
281492
281558
281623
281689
281755
281820
281886
281952
282018
282084
282151
282217
282283
282349
282416
282482
282549
282616
282683
282749
282816
282883
282950
283017
283085
283152
283219
283287
283354
283422
283489
283557
283625
283693
283761
283829
283897
283965
284033
284101
284170
284238
284307
284375
284444
284513
284582
284650
284719
284788
284857
284927
284996
285065
285135
285204
285274
285343
285413
285483
285552
285622
285692
285762
285832
285902
285973
286043
286113
286184
286254
286325
286396
286466
286537
286608
286679
286750
286821
286892
286963
287035
287106
287177
287249
287321
287392
287464
287536
287608
287679
287751
287823
287896
287968
288040
288112
288185
288257
288330
288402
288475
288548
288621
288693
288766
288839
288912
288986
289059
289132
289205
289279
289352
289426
289499
289573
289647
289721
289795
289868
289942
290017
290091
290165
290239
290314
290388
290462
290537
290612
290686
290761
290836
290911
290986
291061
291136
291211
291286
291361
291436
291512
291587
291663
291738
291814
291890
291965
292041
292117
292193
292269
292345
292421
292498
292574
292650
292727
292803
292880
292956
293033
293110
293186
293263
293340
293417
293494
293571
293648
293726
293803
293880
293958
294035
294113
294190
294268
294345
294423
294501
294579
294657
294735
294813
294891
294969
295047
295126
295204
295283
295361
295440
295518
295597
295675
295754
295833
295912
295991
296070
296149
296228
296307
296387
296466
296545
296625
296704
296784
296863
296943
297023
297102
297182
297262
297342
297422
297502
297582
297662
297742
297823
297903
297983
298064
298144
298225
298306
298386
298467
298548
298628
298709
298790
298871
298952
299033
299115
299196
299277
299358
299440
299521
299603
299684
299766
299847
299929
300011
300093
300174
300256
300338
300420
300502
300584
300667
300749
300831
300913
300996
301078
301161
301243
301326
301408
301491
301574
301656
301739
301822
301905
301988
302071
302154
302237
302320
302404
302487
302570
302654
302737
302820
302904
302988
303071
303155
303239
303322
303406
303490
303574
303658
303742
303826
303910
303994
304078
304162
304247
304331
304415
304500
304584
304669
304753
304838
304923
305007
305092
305177
305262
305346
305431
305516
305601
305686
305771
305857
305942
306027
306112
306198
306283
306368
306454
306539
306625
306710
306796
306882
306967
307053
307139
307225
307310
307396
307482
307568
307654
307740
307826
307913
307999
308085
308171
308258
308344
308430
308517
308603
308690
308776
308863
308949
309036
309123
309210
309296
309383
309470
309557
309644
309731
309818
309905
309992
310079
310166
310253
310341
310428
310515
310603
310690
310777
310865
310952
311040
311127
311215
311303
311390
311478
311566
311653
311741
311829
311917
312005
312093
312181
312269
312357
312445
312533
312621
312709
312797
312886
312974
313062
313151
313239
313327
313416
313504
313593
313681
313770
313858
313947
314036
314124
314213
314302
314390
314479
314568
314657
314746
314835
314924
315013
315102
315191
315280
315369
315458
315547
315636
315725
315815
315904
315993
316082
316172
316261
316350
316440
316529
316619
316708
316798
316887
316977
317066
317156
317246
317335
317425
317515
317604
317694
317784
317874
317964
318053
318143
318233
318323
318413
318503
318593
318683
318773
318863
318953
319043
319133
319224
319314
319404
319494
319584
319675
319765
319855
319945
320036
320126
320216
320307
320397
320488
320578
320669
320759
320850
320940
321031
321121
321212
321302
321393
321484
321574
321665
321755
321846
321937
322028
322118
322209
322300
322391
322481
322572
322663
322754
322845
322936
323027
323117
323208
323299
323390
323481
323572
323663
323754
323845
323936
324027
324118
324209
324300
324392
324483
324574
324665
324756
324847
324938
325029
325121
325212
325303
325394
325485
325577
325668
325759
325850
325942
326033
326124
326215
326307
326398
326489
326581
326672
326763
326855
326946
327037
327129
327220
327311
327403
327494
327586
327677
327768
327860
327951
328043
328134
328226
328317
328408
328500
328591
328683
328774
328866
328957
329049
329140
329232
329323
329414
329506
329597
329689
329780
329872
329963
330055
330146
330238
330329
330421
330512
330604
330695
330787
330878
330970
331061
331153
331244
331336
331427
331519
331610
331701
331793
331884
331976
332067
332159
332250
332342
332433
332525
332616
332708
332799
332890
332982
333073
333165
333256
333347
333439
333530
333622
333713
333804
333896
333987
334078
334170
334261
334352
334444
334535
334626
334718
334809
334900
334992
335083
335174
335265
335357
335448
335539
335630
335721
335813
335904
335995
336086
336177
336268
336360
336451
336542
336633
336724
336815
336906
336997
337088
337179
337270
337361
337452
337543
337634
337725
337816
337907
337998
338089
338179
338270
338361
338452
338543
338634
338724
338815
338906
338997
339087
339178
339269
339359
339450
339540
339631
339722
339812
339903
339993
340084
340174
340265
340355
340446
340536
340626
340717
340807
340897
340988
341078
341168
341259
341349
341439
341529
341619
341709
341800
341890
341980
342070
342160
342250
342340
342430
342520
342609
342699
342789
342879
342969
343059
343148
343238
343328
343417
343507
343597
343686
343776
343865
343955
344044
344134
344223
344313
344402
344491
344581
344670
344759
344849
344938
345027
345116
345205
345294
345383
345472
345561
345650
345739
345828
345917
346006
346095
346184
346272
346361
346450
346538
346627
346716
346804
346893
346981
347070
347158
347247
347335
347423
347512
347600
347688
347776
347864
347952
348041
348129
348217
348305
348393
348480
348568
348656
348744
348832
348919
349007
349095
349182
349270
349357
349445
349532
349620
349707
349794
349882
349969
350056
350143
350231
350318
350405
350492
350579
350666
350753
350839
350926
351013
351100
351186
351273
351360
351446
351533
351619
351706
351792
351878
351965
352051
352137
352223
352309
352395
352481
352567
352653
352739
352825
352911
352997
353082
353168
353254
353339
353425
353510
353596
353681
353766
353852
353937
354022
354107
354192
354277
354362
354447
354532
354617
354702
354787
354871
354956
355041
355125
355210
355294
355378
355463
355547
355631
355716
355800
355884
355968
356052
356136
356220
356303
356387
356471
356555
356638
356722
356805
356889
356972
357055
357139
357222
357305
357388
357471
357554
357637
357720
357803
357886
357968
358051
358134
358216
358299
358381
358463
358546
358628
358710
358792
358874
358957
359038
359120
359202
359284
359366
359447
359529
359611
359692
359773
359855
359936
360017
360099
360180
360261
360342
360423
360504
360584
360665
360746
360826
360907
360987
361068
361148
361229
361309
361389
361469
361549
361629
361709
361789
361869
361948
362028
362108
362187
362267
362346
362425
362504
362584
362663
362742
362821
362900
362979
363057
363136
363215
363293
363372
363450
363529
363607
363685
363763
363841
363919
363997
364075
364153
364231
364308
364386
364464
364541
364618
364696
364773
364850
364927
365004
365081
365158
365235
365312
365388
365465
365541
365618
365694
365770
365847
365923
365999
366075
366151
366227
366302
366378
366454
366529
366605
366680
366755
366831
366906
366981
367056
367131
367206
367280
367355
367430
367504
367579
367653
367727
367802
367876
367950
368024
368098
368172
368245
368319
368393
368466
368539
368613
368686
368759
368832
368905
368978
369051
369124
369197
369269
369342
369414
369487
369559
369631
369703
369775
369847
369919
369991
370063
370134
370206
370277
370349
370420
370491
370562
370633
370704
370775
370846
370916
370987
371057
371128
371198
371268
371339
371409
371479
371549
371618
371688
371758
371827
371897
371966
372035
372105
372174
372243
372312
372381
372449
372518
372587
372655
372723
372792
372860
372928
372996
373064
373132
373200
373267
373335
373402
373470
373537
373604
373671
373739
373805
373872
373939
374006
374072
374139
374205
374271
374338
374404
374470
374536
374601
374667
374733
374798
374864
374929
374994
375059
375125
375189
375254
375319
375384
375448
375513
375577
375642
375706
375770
375834
375898
375961
376025
376089
376152
376216
376279
376342
376405
376468
376531
376594
376657
376719
376782
376844
376907
376969
377031
377093
377155
377217
377279
377340
377402
377463
377524
377586
377647
377708
377769
377830
377890
377951
378011
378072
378132
378192
378252
378312
378372
378432
378492
378551
378611
378670
378729
378789
378848
378907
378965
379024
379083
379141
379200
379258
379316
379374
379432
379490
379548
379606
379663
379721
379778
379836
379893
379950
380007
380064
380120
380177
380233
380290
380346
380402
380458
380514
380570
380626
380682
380737
380793
380848
380903
380958
381013
381068
381123
381178
381232
381287
381341
381395
381450
381504
381557
381611
381665
381718
381772
381825
381879
381932
381985
382038
382090
382143
382196
382248
382300
382353
382405
382457
382509
382561
382612
382664
382715
382767
382818
382869
382920
382971
383021
383072
383123
383173
383223
383274
383324
383374
383423
383473
383523
383572
383622
383671
383720
383769
383818
383867
383916
383964
384013
384061
384109
384157
384205
384253
384301
384349
384396
384444
384491
384538
384585
384632
384679
384726
384772
384819
384865
384911
384957
385003
385049
385095
385141
385186
385231
385277
385322
385367
385412
385457
385501
385546
385590
385635
385679
385723
385767
385811
385854
385898
385942
385985
386028
386071
386114
386157
386200
386243
386285
386327
386370
386412
386454
386496
386538
386579
386621
386662
386703
386745
386786
386827
386867
386908
386949
386989
387029
387069
387110
387149
387189
387229
387268
387308
387347
387386
387425
387464
387503
387542
387580
387619
387657
387695
387734
387771
387809
387847
387885
387922
387959
387996
388034
388070
388107
388144
388181
388217
388253
388289
388325
388361
388397
388433
388468
388504
388539
388574
388609
388644
388679
388714
388748
388783
388817
388851
388885
388919
388953
388986
389020
389053
389086
389120
389153
389185
389218
389251
389283
389316
389348
389380
389412
389444
389475
389507
389538
389570
389601
389632
389663
389694
389724
389755
389785
389816
389846
389876
389906
389935
389965
389994
390024
390053
390082
390111
390140
390169
390197
390226
390254
390282
390310
390338
390366
390394
390421
390449
390476
390503
390530
390557
390584
390610
390637
390663
390689
390715
390741
390767
390793
390818
390844
390869
390894
390919
390944
390969
390993
391018
391042
391066
391091
391115
391138
391162
391186
391209
391232
391255
391278
391301
391324
391347
391369
391392
391414
391436
391458
391480
391501
391523
391544
391566
391587
391608
391629
391649
391670
391690
391711
391731
391751
391771
391791
391810
391830
391849
391869
391888
391907
391926
391944
391963
391981
392000
392018
392036
392054
392071
392089
392107
392124
392141
392158
392175
392192
392209
392225
392242
392258
392274
392290
392306
392322
392337
392353
392368
392383
392398
392413
392428
392443
392457
392472
392486
392500
392514
392528
392541
392555
392568
392582
392595
392608
392621
392633
392646
392658
392671
392683
392695
392707
392719
392730
392742
392753
392764
392775
392786
392797
392808
392818
392829
392839
392849
392859
392869
392879
392888
392898
392907
392916
392925
392934
392943
392952
392960
392968
392977
392985
392993
393000
393008
393015
393023
393030
393037
393044
393051
393058
393064
393071
393077
393083
393089
393095
393101
393106
393112
393117
393122
393127
393132
393137
393141
393146
393150
393154
393158
393162
393166
393170
393173
393177
393180
393183
393186
393189
393191
393194
393196
393199
393201
393203
393205
393206
393208
393209
393211
393212
393213
393214
393214
393215
393215
393216
393216
393216
393216
393216
393215
393215
393214
393213
393212
393211
393210
393209
393207
393206
393204
393202
393200
393198
393196
393193
393191
393188
393185
393182
393179
393176
393172
393169
393165
393161
393157
393153
393149
393145
393140
393135
393131
393126
393121
393116
393110
393105
393099
393093
393087
393081
393075
393069
393062
393056
393049
393042
393035
393028
393021
393014
393006
392998
392990
392983
392974
392966
392958
392949
392941
392932
392923
392914
392905
392895
392886
392876
392867
392857
392847
392836
392826
392816
392805
392794
392784
392773
392762
392750
392739
392727
392716
392704
392692
392680
392668
392655
392643
392630
392617
392604
392591
392578
392565
392551
392538
392524
392510
392496
392482
392468
392454
392439
392424
392409
392395
392379
392364
392349
392333
392318
392302
392286
392270
392254
392238
392221
392205
392188
392171
392154
392137
392120
392102
392085
392067
392049
392031
392013
391995
391977
391958
391939
391921
391902
391883
391864
391844
391825
391805
391786
391766
391746
391726
391706
391685
391665
391644
391623
391602
391581
391560
391539
391517
391496
391474
391452
391430
391408
391386
391363
391341
391318
391296
391273
391250
391226
391203
391180
391156
391132
391108
391084
391060
391036
391012
390987
390962
390938
390913
390888
390863
390837
390812
390786
390760
390735
390709
390683
390656
390630
390603
390577
390550
390523
390496
390469
390442
390414
390387
390359
390331
390303
390275
390247
390218
390190
390161
390133
390104
390075
390046
390016
389987
389957
389928
389898
389868
389838
389808
389778
389747
389717
389686
389655
389624
389593
389562
389530
389499
389467
389436
389404
389372
389340
389307
389275
389242
389210
389177
389144
389111
389078
389045
389011
388978
388944
388910
388876
388842
388808
388774
388739
388705
388670
388635
388600
388565
388530
388495
388459
388424
388388
388352
388316
388280
388244
388208
388171
388135
388098
388061
388024
387987
387950
387912
387875
387837
387800
387762
387724
387686
387648
387609
387571
387532
387493
387455
387416
387376
387337
387298
387258
387219
387179
387139
387099
387059
387019
386979
386938
386898
386857
386816
386775
386734
386693
386652
386610
386569
386527
386485
386443
386401
386359
386317
386274
386232
386189
386146
386103
386060
386017
385974
385931
385887
385843
385800
385756
385712
385668
385623
385579
385535
385490
385445
385400
385356
385310
385265
385220
385175
385129
385083
385038
384992
384946
384899
384853
384807
384760
384714
384667
384620
384573
384526
384479
384432
384384
384337
384289
384241
384193
384145
384097
384049
384000
383952
383903
383855
383806
383757
383708
383659
383609
383560
383510
383461
383411
383361
383311
383261
383211
383160
383110
383059
383009
382958
382907
382856
382805
382754
382702
382651
382599
382547
382496
382444
382392
382340
382287
382235
382182
382130
382077
382024
381971
381918
381865
381812
381758
381705
381651
381598
381544
381490
381436
381382
381327
381273
381219
381164
381109
381054
381000
380945
380889
380834
380779
380723
380668
380612
380556
380500
380444
380388
380332
380276
380219
380163
380106
380049
379992
379935
379878
379821
379764
379706
379649
379591
379534
379476
379418
379360
379302
379243
379185
379127
379068
379009
378951
378892
378833
378774
378714
378655
378596
378536
378477
378417
378357
378297
378237
378177
378117
378057
377996
377936
377875
377814
377753
377692
377631
377570
377509
377448
377386
377325
377263
377201
377139
377078
377015
376953
376891
376829
376766
376704
376641
376578
376516
376453
376390
376326
376263
376200
376136
376073
376009
375946
375882
375818
375754
375690
375625
375561
375497
375432
375368
375303
375238
375173
375108
375043
374978
374913
374847
374782
374716
374651
374585
374519
374453
374387
374321
374255
374189
374122
374056
373989
373922
373856
373789
373722
373655
373588
373520
373453
373386
373318
373251
373183
373115
373047
372979
372911
372843
372775
372706
372638
372570
372501
372432
372363
372295
372226
372157
372087
372018
371949
371880
371810
371741
371671
371601
371531
371461
371391
371321
371251
371181
371110
371040
370969
370899
370828
370757
370686
370616
370544
370473
370402
370331
370259
370188
370116
370045
369973
369901
369829
369757
369685
369613
369541
369469
369396
369324
369251
369179
369106
369033
368960
368887
368814
368741
368668
368595
368521
368448
368374
368301
368227
368153
368079
368006
367932
367857
367783
367709
367635
367560
367486
367411
367337
367262
367187
367112
367037
366962
366887
366812
366737
366661
366586
366511
366435
366359
366284
366208
366132
366056
365980
365904
365828
365752
365675
365599
365523
365446
365369
365293
365216
365139
365062
364985
364908
364831
364754
364677
364599
364522
364445
364367
364289
364212
364134
364056
363978
363900
363822
363744
363666
363588
363509
363431
363353
363274
363195
363117
363038
362959
362880
362802
362723
362643
362564
362485
362406
362327
362247
362168
362088
362009
361929
361849
361769
361689
361610
361530
361449
361369
361289
361209
361129
361048
360968
360887
360807
360726
360645
360565
360484
360403
360322
360241
360160
360079
359998
359916
359835
359754
359672
359591
359509
359428
359346
359264
359182
359100
359019
358937
358855
358772
358690
358608
358526
358444
358361
358279
358196
358114
358031
357948
357866
357783
357700
357617
357534
357451
357368
357285
357202
357119
357035
356952
356868
356785
356702
356618
356534
356451
356367
356283
356199
356115
356032
355948
355863
355779
355695
355611
355527
355442
355358
355274
355189
355105
355020
354936
354851
354766
354681
354597
354512
354427
354342
354257
354172
354087
354002
353916
353831
353746
353661
353575
353490
353404
353319
353233
353148
353062
352976
352890
352805
352719
352633
352547
352461
352375
352289
352203
352116
352030
351944
351858
351771
351685
351598
351512
351425
351339
351252
351166
351079
350992
350905
350819
350732
350645
350558
350471
350384
350297
350210
350123
350035
349948
349861
349774
349686
349599
349512
349424
349337
349249
349162
349074
348986
348899
348811
348723
348635
348547
348460
348372
348284
348196
348108
348020
347932
347843
347755
347667
347579
347491
347402
347314
347226
347137
347049
346960
346872
346783
346695
346606
346518
346429
346340
346251
346163
346074
345985
345896
345807
345718
345630
345541
345452
345362
345273
345184
345095
345006
344917
344828
344738
344649
344560
344471
344381
344292
344202
344113
344023
343934
343844
343755
343665
343576
343486
343396
343307
343217
343127
343038
342948
342858
342768
342678
342588
342499
342409
342319
342229
342139
342049
341959
341869
341779
341688
341598
341508
341418
341328
341238
341147
341057
340967
340876
340786
340696
340605
340515
340425
340334
340244
340153
340063
339972
339882
339791
339701
339610
339519
339429
339338
339248
339157
339066
338976
338885
338794
338703
338613
338522
338431
338340
338249
338159
338068
337977
337886
337795
337704
337613
337522
337431
337340
337249
337158
337067
336976
336885
336794
336703
336612
336521
336430
336339
336248
336156
336065
335974
335883
335792
335701
335609
335518
335427
335336
335245
335153
335062
334971
334879
334788
334697
334606
334514
334423
334332
334240
334149
334058
333966
333875
333784
333692
333601
333509
333418
333327
333235
333144
333052
332961
332870
332778
332687
332595
332504
332412
332321
332230
332138
332047
331955
331864
331772
331681
331589
331498
331406
331315
331223
331132
331041
330949
330858
330766
330675
330583
330492
330400
330309
330217
330126
330034
329943
329851
329760
329668
329577
329485
329394
329302
329211
329120
329028
328937
328845
328754
328662
328571
328479
328388
328297
328205
328114
328022
327931
327839
327748
327657
327565
327474
327383
327291
327200
327108
327017
326926
326834
326743
326652
326560
326469
326378
326287
326195
326104
326013
325921
325830
325739
325648
325556
325465
325374
325283
325192
325100
325009
324918
324827
324736
324645
324554
324463
324371
324280
324189
324098
324007
323916
323825
323734
323643
323552
323461
323370
323279
323188
323098
323007
322916
322825
322734
322643
322552
322462
322371
322280
322189
322099
322008
321917
321826
321736
321645
321554
321464
321373
321283
321192
321101
321011
320920
320830
320739
320649
320559
320468
320378
320287
320197
320107
320016
319926
319836
319745
319655
319565
319475
319384
319294
319204
319114
319024
318934
318844
318754
318664
318574
318484
318394
318304
318214
318124
318034
317944
317855
317765
317675
317585
317496
317406
317316
317227
317137
317047
316958
316868
316779
316689
316600
316510
316421
316331
316242
316153
316063
315974
315885
315796
315706
315617
315528
315439
315350
315261
315172
315083
314994
314905
314816
314727
314638
314549
314461
314372
314283
314194
314106
314017
313928
313840
313751
313663
313574
313486
313397
313309
313220
313132
313044
312956
312867
312779
312691
312603
312515
312427
312338
312250
312162
312075
311987
311899
311811
311723
311635
311548
311460
311372
311284
311197
311109
311022
310934
310847
310759
310672
310585
310497
310410
310323
310236
310148
310061
309974
309887
309800
309713
309626
309539
309452
309365
309279
309192
309105
309018
308932
308845
308759
308672
308586
308499
308413
308326
308240
308154
308068
307981
307895
307809
307723
307637
307551
307465
307379
307293
307207
307121
307036
306950
306864
306779
306693
306608
306522
306437
306351
306266
306180
306095
306010
305925
305840
305754
305669
305584
305499
305414
305330
305245
305160
305075
304990
304906
304821
304737
304652
304568
304483
304399
304314
304230
304146
304062
303977
303893
303809
303725
303641
303557
303473
303390
303306
303222
303138
303055
302971
302888
302804
302721
302637
302554
302471
302387
302304
302221
302138
302055
301972
301889
301806
301723
301640
301558
301475
301392
301310
301227
301145
301062
300980
300897
300815
300733
300651
300569
300487
300405
300323
300241
300159
300077
299995
299913
299832
299750
299669
299587
299506
299424
299343
299262
299180
299099
299018
298937
298856
298775
298694
298613
298532
298452
298371
298290
298210
298129
298049
297968
297888
297808
297727
297647
297567
297487
297407
297327
297247
297167
297088
297008
296928
296848
296769
296689
296610
296531
296451
296372
296293
296214
296134
296055
295976
295897
295819
295740
295661
295582
295504
295425
295347
295268
295190
295111
295033
294955
294877
294799
294721
294643
294565
294487
294409
294331
294254
294176
294099
294021
293944
293866
293789
293712
293634
293557
293480
293403
293326
293249
293173
293096
293019
292943
292866
292790
292713
292637
292560
292484
292408
292332
292256
292180
292104
292028
291952
291876
291801
291725
291650
291574
291499
291423
291348
291273
291198
291122
291047
290972
290898
290823
290748
290673
290599
290524
290450
290375
290301
290226
290152
290078
290004
289930
289856
289782
289708
289634
289561
289487
289413
289340
289266
289193
289120
289046
288973
288900
288827
288754
288681
288608
288535
288463
288390
288318
288245
288173
288100
288028
287956
287884
287811
287739
287667
287596
287524
287452
287380
287309
287237
287166
287094
287023
286952
286881
286809
286738
286667
286596
286526
286455
286384
286313
286243
286172
286102
286032
285961
285891
285821
285751
285681
285611
285541
285471
285402
285332
285262
285193
285124
285054
284985
284916
284847
284777
284708
284640
284571
284502
284433
284365
284296
284227
284159
284091
284022
283954
283886
283818
283750
283682
283614
283547
283479
283411
283344
283276
283209
283142
283074
283007
282940
282873
282806
282739
282672
282606
282539
282472
282406
282339
282273
282207
282141
282074
282008
281942
281877
281811
281745
281679
281614
281548
281483
281417
281352
281287
281222
281156
281091
281026
280962
280897
280832
280767
280703
280638
280574
280510
280445
280381
280317
280253
280189
280125
280062
279998
279934
279871
279807
279744
279680
279617
279554
279491
279428
279365
279302
279239
279176
279114
279051
278989
278926
278864
278802
278740
278677
278615
278553
278492
278430
278368
278306
278245
278183
278122
278061
277999
277938
277877
277816
277755
277694
277634
277573
277512
277452
277391
277331
277270
277210
277150
277090
277030
276970
276910
276850
276791
276731
276672
276612
276553
276494
276434
276375
276316
276257
276198
276139
276081
276022
275963
275905
275847
275788
275730
275672
275614
275556
275498
275440
275382
275324
275267
275209
275152
275094
275037
274980
274923
274866
274809
274752
274695
274638
274581
274525
274468
274412
274356
274299
274243
274187
274131
274075
274019
273963
273908
273852
273797
273741
273686
273630
273575
273520
273465
273410
273355
273300
273245
273191
273136
273082
273027
272973
272919
272865
272810
272756
272703
272649
272595
272541
272488
272434
272381
272327
272274
272221
272168
272115
272062
272009
271956
271903
271851
271798
271746
271693
271641
271589
271536
271484
271432
271381
271329
271277
271225
271174
271122
271071
271019
270968
270917
270866
270815
270764
270713
270662
270612
270561
270511
270460
270410
270359
270309
270259
270209
270159
270109
270060
270010
269960
269911
269861
269812
269763
269713
269664
269615
269566
269517
269468
269420
269371
269322
269274
269226
269177
269129
269081
269033
268985
268937
268889
268841
268794
268746
268699
268651
268604
268557
268509
268462
268415
268368
268321
268275
268228
268181
268135
268088
268042
267996
267950
267903
267857
267812
267766
267720
267674
267629
267583
267538
267492
267447
267402
267356
267311
267266
267222
267177
267132
267087
267043
266998
266954
266910
266865
266821
266777
266733
266689
266645
266602
266558
266514
266471
266427
266384
266341
266298
266255
266212
266169
266126
266083
266040
265998
265955
265913
265870
265828
265786
265744
265702
265660
265618
265576
265534
265493
265451
265410
265368
265327
265286
265245
265203
265163
265122
265081
265040
264999
264959
264918
264878
264838
264797
264757
264717
264677
264637
264597
264557
264518
264478
264439
264399
264360
264320
264281
264242
264203
264164
264125
264086
264048
264009
263970
263932
263894
263855
263817
263779
263741
263703
263665
263627
263589
263552
263514
263476
263439
263402
263364
263327
263290
263253
263216
263179
263142
263106
263069
263032
262996
262959
262923
262887
262851
262815
262779
262743
262707
262671
262635
262600
262564
262529
262493
262458
262423
262388
262353
262318
262283
262248
262213
262179
262144
262109
262075
262041
262006
261972
261938
261904
261870
261836
261803
261769
261735
261702
261668
261635
261601
261568
261535
261502
261469
261436
261403
261370
261338
261305
261272
261240
261208
261175
261143
261111
261079
261047
261015
260983
260951
260920
260888
260856
260825
260794
260762
260731
260700
260669
260638
260607
260576
260545
260515
260484
260454
260423
260393
260362
260332
260302
260272
260242
260212
260182
260152
260123
260093
260064
260034
260005
259976
259946
259917
259888
259859
259830
259801
259773
259744
259715
259687
259658
259630
259601
259573
259545
259517
259489
259461
259433
259405
259378
259350
259322
259295
259267
259240
259213
259186
259159
259132
259105
259078
259051
259024
258997
258971
258944
258918
258891
258865
258839
258813
258787
258761
258735
258709
258683
258657
258632
258606
258581
258555
258530
258505
258480
258454
258429
258404
258380
258355
258330
258305
258281
258256
258232
258207
258183
258159
258135
258110
258086
258062
258039
258015
257991
257967
257944
257920
257897
257873
257850
257827
257804
257781
257758
257735
257712
257689
257666
257644
257621
257598
257576
257554
257531
257509
257487
257465
257443
257421
257399
257377
257355
257334
257312
257291
257269
257248
257226
257205
257184
257163
257142
257121
257100
257079
257058
257038
257017
256996
256976
256956
256935
256915
256895
256875
256855
256835
256815
256795
256775
256755
256736
256716
256696
256677
256658
256638
256619
256600
256581
256562
256543
256524
256505
256486
256467
256449
256430
256412
256393
256375
256357
256338
256320
256302
256284
256266
256248
256230
256213
256195
256177
256160
256142
256125
256107
256090
256073
256056
256039
256022
256005
255988
255971
255954
255937
255921
255904
255888
255871
255855
255838
255822
255806
255790
255774
255758
255742
255726
255710
255694
255679
255663
255648
255632
255617
255601
255586
255571
255556
255540
255525
255510
255496
255481
255466
255451
255437
255422
255407
255393
255378
255364
255350
255336
255321
255307
255293
255279
255265
255252
255238
255224
255210
255197
255183
255170
255156
255143
255130
255117
255103
255090
255077
255064
255051
255038
255026
255013
255000
254988
254975
254962
254950
254938
254925
254913
254901
254889
254877
254865
254853
254841
254829
254817
254805
254794
254782
254771
254759
254748
254736
254725
254714
254702
254691
254680
254669
254658
254647
254636
254626
254615
254604
254594
254583
254573
254562
254552
254541
254531
254521
254511
254501
254491
254481
254471
254461
254451
254441
254432
254422
254412
254403
254393
254384
254374
254365
254356
254347
254338
254328
254319
254310
254301
254293
254284
254275
254266
254258
254249
254241
254232
254224
254215
254207
254199
254190
254182
254174
254166
254158
254150
254142
254134
254127
254119
254111
254104
254096
254088
254081
254074
254066
254059
254052
254044
254037
254030
254023
254016
254009
254002
253995
253989
253982
253975
253969
253962
253956
253949
253943
253936
253930
253924
253917
253911
253905
253899
253893
253887
253881
253875
253869
253864
253858
253852
253847
253841
253836
253830
253825
253819
253814
253809
253803
253798
253793
253788
253783
253778
253773
253768
253763
253759
253754
253749
253744
253740
253735
253731
253726
253722
253718
253713
253709
253705
253701
253696
253692
253688
253684
253680
253677
253673
253669
253665
253661
253658
253654
253651
253647
253644
253640
253637
253633
253630
253627
253624
253621
253617
253614
253611
253608
253605
253603
253600
253597
253594
253591
253589
253586
253584
253581
253579
253576
253574
253571
253569
253567
253565
253562
253560
253558
253556
253554
253552
253550
253548
253546
253545
253543
253541
253539
253538
253536
253535
253533
253532
253530
253529
253528
253526
253525
253524
253523
253521
253520
253519
253518
253517
253516
253515
253515
253514
253513
253512
253512
253511
253510
253510
253509
253509
253508
253508
253508
253507
253507
253507
253506
253506
253506
253506
253506
253506
253506
253506
253506
253506
253506
253507
253507
253507
253507
253508
253508
253509
253509
253510
253510
253511
253511
253512
253513
253513
253514
253515
253516
253517
253517
253518
253519
253520
253521
253523
253524
253525
253526
253527
253528
253530
253531
253532
253534
253535
253537
253538
253540
253541
253543
253545
253546
253548
253550
253552
253553
253555
253557
253559
253561
253563
253565
253567
253569
253571
253573
253576
253578
253580
253582
253585
253587
253589
253592
253594
253597
253599
253602
253604
253607
253610
253612
253615
253618
253620
253623
253626
253629
253632
253635
253638
253641
253644
253647
253650
253653
253656
253659
253662
253666
253669
253672
253675
253679
253682
253685
253689
253692
253696
253699
253703
253706
253710
253714
253717
253721
253725
253728
253732
253736
253740
253744
253748
253752
253755
253759
253763
253767
253772
253776
253780
253784
253788
253792
253796
253801
253805
253809
253814
253818
253822
253827
253831
253836
253840
253845
253849
253854
253858
253863
253867
253872
253877
253882
253886
253891
253896
253901
253905
253910
253915
253920
253925
253930
253935
253940
253945
253950
253955
253960
253965
253971
253976
253981
253986
253991
253997
254002
254007
254013
254018
254023
254029
254034
254040
254045
254051
254056
254062
254067
254073
254079
254084
254090
254095
254101
254107
254113
254118
254124
254130
254136
254142
254148
254153
254159
254165
254171
254177
254183
254189
254195
254201
254207
254214
254220
254226
254232
254238
254244
254251
254257
254263
254269
254276
254282
254288
254295
254301
254307
254314
254320
254327
254333
254340
254346
254353
254359
254366
254372
254379
254386
254392
254399
254406
254412
254419
254426
254432
254439
254446
254453
254460
254466
254473
254480
254487
254494
254501
254508
254515
254522
254529
254536
254543
254550
254557
254564
254571
254578
254585
254592
254599
254607
254614
254621
254628
254635
254643
254650
254657
254664
254672
254679
254686
254694
254701
254708
254716
254723
254731
254738
254746
254753
254760
254768
254775
254783
254790
254798
254806
254813
254821
254828
254836
254844
254851
254859
254866
254874
254882
254890
254897
254905
254913
254920
254928
254936
254944
254952
254959
254967
254975
254983
254991
254999
255007
255014
255022
255030
255038
255046
255054
255062
255070
255078
255086
255094
255102
255110
255118
255126
255134
255142
255150
255158
255167
255175
255183
255191
255199
255207
255215
255224
255232
255240
255248
255256
255265
255273
255281
255289
255298
255306
255314
255322
255331
255339
255347
255356
255364
255372
255381
255389
255397
255406
255414
255423
255431
255439
255448
255456
255465
255473
255482
255490
255499
255507
255516
255524
255532
255541
255550
255558
255567
255575
255584
255592
255601
255609
255618
255626
255635
255644
255652
255661
255669
255678
255687
255695
255704
255713
255721
255730
255738
255747
255756
255764
255773
255782
255791
255799
255808
255817
255825
255834
255843
255851
255860
255869
255878
255886
255895
255904
255913
255921
255930
255939
255948
255957
255965
255974
255983
255992
256001
256009
256018
256027
256036
256045
256054
256062
256071
256080
256089
256098
256107
256115
256124
256133
256142
256151
256160
256169
256177
256186
256195
256204
256213
256222
256231
256240
256249
256257
256266
256275
256284
256293
256302
256311
256320
256329
256338
256347
256356
256364
256373
256382
256391
256400
256409
256418
256427
256436
256445
256454
256463
256472
256481
256490
256499
256507
256516
256525
256534
256543
256552
256561
256570
256579
256588
256597
256606
256615
256624
256633
256642
256651
256660
256669
256678
256687
256696
256704
256713
256722
256731
256740
256749
256758
256767
256776
256785
256794
256803
256812
256821
256830
256839
256848
256857
256866
256875
256884
256892
256901
256910
256919
256928
256937
256946
256955
256964
256973
256982
256991
257000
257009
257018
257026
257035
257044
257053
257062
257071
257080
257089
257098
257107
257116
257124
257133
257142
257151
257160
257169
257178
257187
257196
257204
257213
257222
257231
257240
257249
257258
257267
257275
257284
257293
257302
257311
257320
257328
257337
257346
257355
257364
257373
257381
257390
257399
257408
257417
257425
257434
257443
257452
257461
257469
257478
257487
257496
257504
257513
257522
257531
257539
257548
257557
257566
257574
257583
257592
257601
257609
257618
257627
257635
257644
257653
257661
257670
257679
257687
257696
257705
257713
257722
257731
257739
257748
257757
257765
257774
257783
257791
257800
257808
257817
257826
257834
257843
257851
257860
257868
257877
257885
257894
257903
257911
257920
257928
257937
257945
257954
257962
257971
257979
257988
257996
258005
258013
258022
258030
258038
258047
258055
258064
258072
258081
258089
258097
258106
258114
258123
258131
258139
258148
258156
258164
258173
258181
258189
258198
258206
258214
258223
258231
258239
258247
258256
258264
258272
258281
258289
258297
258305
258313
258322
258330
258338
258346
258355
258363
258371
258379
258387
258395
258404
258412
258420
258428
258436
258444
258452
258460
258468
258477
258485
258493
258501
258509
258517
258525
258533
258541
258549
258557
258565
258573
258581
258589
258597
258605
258613
258621
258629
258637
258645
258652
258660
258668
258676
258684
258692
258700
258708
258715
258723
258731
258739
258747
258755
258762
258770
258778
258786
258793
258801
258809
258817
258824
258832
258840
258848
258855
258863
258871
258878
258886
258894
258901
258909
258916
258924
258932
258939
258947
258955
258962
258970
258977
258985
258992
259000
259007
259015
259022
259030
259037
259045
259052
259060
259067
259075
259082
259090
259097
259104
259112
259119
259126
259134
259141
259149
259156
259163
259171
259178
259185
259192
259200
259207
259214
259222
259229
259236
259243
259251
259258
259265
259272
259279
259287
259294
259301
259308
259315
259322
259329
259336
259344
259351
259358
259365
259372
259379
259386
259393
259400
259407
259414
259421
259428
259435
259442
259449
259456
259463
259470
259477
259484
259491
259497
259504
259511
259518
259525
259532
259539
259545
259552
259559
259566
259573
259579
259586
259593
259600
259606
259613
259620
259627
259633
259640
259647
259653
259660
259667
259673
259680
259686
259693
259700
259706
259713
259719
259726
259732
259739
259746
259752
259759
259765
259772
259778
259785
259791
259797
259804
259810
259817
259823
259830
259836
259842
259849
259855
259861
259868
259874
259880
259887
259893
259899
259906
259912
259918
259924
259931
259937
259943
259949
259956
259962
259968
259974
259980
259986
259993
259999
260005
260011
260017
260023
260029
260035
260041
260047
260053
260060
260066
260072
260078
260084
260090
260096
260101
260107
260113
260119
260125
260131
260137
260143
260149
260155
260161
260166
260172
260178
260184
260190
260196
260201
260207
260213
260219
260225
260230
260236
260242
260247
260253
260259
260265
260270
260276
260282
260287
260293
260298
260304
260310
260315
260321
260326
260332
260338
260343
260349
260354
260360
260365
260371
260376
260382
260387
260393
260398
260404
260409
260414
260420
260425
260431
260436
260441
260447
260452
260458
260463
260468
260474
260479
260484
260489
260495
260500
260505
260511
260516
260521
260526
260531
260537
260542
260547
260552
260557
260563
260568
260573
260578
260583
260588
260593
260598
260603
260609
260614
260619
260624
260629
260634
260639
260644
260649
260654
260659
260664
260669
260674
260679
260684
260688
260693
260698
260703
260708
260713
260718
260723
260728
260732
260737
260742
260747
260752
260756
260761
260766
260771
260776
260780
260785
260790
260794
260799
260804
260809
260813
260818
260823
260827
260832
260837
260841
260846
260850
260855
260860
260864
260869
260873
260878
260883
260887
260892
260896
260901
260905
260910
260914
260919
260923
260928
260932
260937
260941
260945
260950
260954
260959
260963
260967
260972
260976
260981
260985
260989
260994
260998
261002
261007
261011
261015
261020
261024
261028
261032
261037
261041
261045
261049
261054
261058
261062
261066
261070
261075
261079
261083
261087
261091
261095
261099
261104
261108
261112
261116
261120
261124
261128
261132
261136
261140
261144
261149
261153
261157
261161
261165
261169
261173
261177
261181
261185
261188
261192
261196
261200
261204
261208
261212
261216
261220
261224
261228
261232
261235
261239
261243
261247
261251
261255
261259
261262
261266
261270
261274
261278
261281
261285
261289
261293
261296
261300
261304
261308
261311
261315
261319
261323
261326
261330
261334
261337
261341
261345
261348
261352
261356
261359
261363
261366
261370
261374
261377
261381
261384
261388
261392
261395
261399
261402
261406
261409
261413
261417
261420
261424
261427
261431
261434
261438
261441
261445
261448
261451
261455
261458
261462
261465
261469
261472
261476
261479
261482
261486
261489
261493
261496
261499
261503
261506
261509
261513
261516
261519
261523
261526
261529
261533
261536
261539
261543
261546
261549
261553
261556
261559
261562
261566
261569
261572
261575
261579
261582
261585
261588
261592
261595
261598
261601
261604
261608
261611
261614
261617
261620
261623
261627
261630
261633
261636
261639
261642
261645
261649
261652
261655
261658
261661
261664
261667
261670
261673
261677
261680
261683
261686
261689
261692
261695
261698
261701
261704
261707
261710
261713
261716
261719
261722
261725
261728
261731
261734
261737
261740
261743
261746
261749
261752
261755
261758
261761
261764
261767
261770
261773
261775
261778
261781
261784
261787
261790
261793
261796
261799
261802
261805
261807
261810
261813
261816
261819
261822
261825
261827
261830
261833
261836
261839
261842
261845
261847
261850
261853
261856
261859
261861
261864
261867
261870
261873
261875
261878
261881
261884
261887
261889
261892
261895
261898
261901
261903
261906
261909
261912
261914
261917
261920
261923
261925
261928
261931
261933
261936
261939
261942
261944
261947
261950
261952
261955
261958
261961
261963
261966
261969
261971
261974
261977
261979
261982
261985
261987
261990
261993
261995
261998
262001
262003
262006
262009
262011
262014
262017
262019
262022
262025
262027
262030
262033
262035
262038
262040
262043
262046
262048
262051
262053
262056
262059
262061
262064
262067
262069
262072
262074
262077
262080
262082
262085
262087
262090
262093
262095
262098
262100
262103
262105
262108
262111
262113
262116
262118
262121
262123
262126
262129
262131
262134
262136
262139
262141
